41548298 2953
41502206 1806
41462351 1765
41433822 2967
41432707 5709
41422343 2991
41411776 2953
41378405 5562
41372599 5760
41369425 1412
41330729 2967
41314934 1487
41311161 2951
41300831 2941
41300282 2946
41296332 2967
41288622 2953
41255579 2967
41231452 1656
41168421 3050
41143631 2719
41117914 2953
41114572 2967
41094114 2948
41093554 2972
41091079 2937
41091068 2937
41091064 2948
41090545 2797
41090002 2941
41089971 2930
41089745 2942
41087846 2942
41085440 2991
41082872 2967
41079932 2967
41079753 2948
41078104 2967
41077873 2938
41036257 2461
41010726 2967
40992253 5908
40952277 5553
40830166 5762
40826968 2967
40789699 1767
40770146 2967
40746586 3051
40736703 5902
40736411 5480
40727474 1112
40718932 1711
40705329 1719
40705308 1619
40702976 1422
40688377 2967
40681913 91
40680427 362
40664077 2953
40632000 1990
40614244 1469
40605770 98
40603958 5896
40539507 2967
40497936 1508
40495607 5569
40406968 2967
40389347 2615
40381662 5763
40372832 2967
40354064 2967
40347165 2953
40318298 2967
40316543 5612
40315367 1994
40315147 5519
40306941 552
40303462 5603
40282858 2970
40282751 5199
40282747 5199
40281703 1933
40281199 3994
40281186 4302
40280813 4729
40273612 4001
40272797 2967
40267650 1806
40253138 557
40248979 2390
40233893 2461
40233212 1108
40229499 2953
40227569 1667
40227374 5813
40212886 1690
40190034 2933
40162670 1752
40132648 1093
40076765 1675
40069967 1672
40061199 2967
40042667 3053
40019748 2953
40007540 5764
39967424 2951
39957262 5900
39944499 2967
39941699 1077
39935726 1077
39935478 1080
39934628 1077
39917188 5503
39907276 1773
39871290 1765
39868557 2967
39848360 195
39837713 5605
39836075 5610
39797945 2967
39747456 2465
39740845 2967
39700504 283
39699574 283
39699391 1767
39699307 287
39699112 285
39699090 283
39698664 1767
39698159 283
39697871 287
39697703 287
39697694 287
39697394 3036
39696163 1686
39696156 287
39696070 288
39696068 287
39696006 288
39695331 280
39693126 283
39691849 283
39691208 288
39690455 287
39689895 1767
39686956 2967
39681526 2937
39674096 2967
39670624 284
39670143 1298
39668120 283
39653079 1411
39652511 1411
39644837 365
39642235 294
39520917 5898
39517800 5605
39508663 2967
39468197 2967
39324633 1933
39089702 2967
39087590 2532
39080656 2957
39080234 2587
39079945 2589
39075792 2410
39057817 2967
39028580 2967
39020255 1077
38964647 2942
38920078 2997
38918038 2967
38905716 404
38903715 1961
38888323 2967
38868110 2967
38848710 2967
38830339 2588
38824788 2953
38762719 2535
38760350 1305
38760350 1304
38754749 2953
38753941 3021
38698177 5621
38670329 2706
38664247 2967
38567332 2967
38563419 854
38561153 2974
38534435 2967
38509878 5891
38496620 2934
38490066 2061
38486678 2967
38482757 855
38390194 2967
38371458 2967
38340895 1412
38340830 1412
38336273 2953
38235032 2967
38221942 2989
38219563 2967
38211840 1806
38123891 2953
38101096 2628
38084736 1648
38084736 1650
38084736 1654
38084736 1652
38047696 854
38040628 2967
38033634 1487
38028448 1869
37960525 2394
37891602 607
37850249 195
37821326 2967
37812053 2468
37782110 2967
37732270 5492
37693844 2953
37667385 2649
37591073 2948
37574440 362
37508507 2061
37482658 2967
37391833 2462
37323925 2953
37265180 2967
37232284 2991
37128266 5480
37110882 2967
37087163 1884
37079376 599
37044889 2967
37040382 2967
36992320 1990
36967408 1933
36932167 2967
36839262 5487
36817092 118
36765858 2733
36706602 5451
36655501 2972
36588536 469
36478496 2967
36454464 5778
36428242 2745
36418044 2953
36391155 2967
36376873 1412
36338032 199
36330803 2967
36280849 5447
36277957 881
36240551 2613
36239869 799
36239806 799
36217900 2986
36215038 2971
36210617 2749
36204182 2470
36201205 5610
36183909 5614
36178141 5614
36166427 2953
36158470 2591
36139955 2408
36139954 2462
36139659 2408
36136662 2390
36122042 5493
36115344 1189
36112172 2967
36090919 2760
36089859 280
36088293 312
36081592 5686
36081122 1992
36081000 5686
36049967 2953
36028576 3032
36019486 7
36013019 2967
36011456 2503
36008736 1933
35991218 2970
35990736 5773
35990667 2970
35987759 197
35926072 5892
35865058 2789
35775327 2967
35774728 2967
35770768 2937
35733568 2724
35545917 2953
35481039 2967
35433396 890
35325007 1422
35061535 2967
35052976 5894
35045213 2940
35000877 2934
34969060 2395
34885585 2967
34878023 5825
34824371 2953
34758773 2967
34744343 5612
34692865 1412
34667650 247
34646645 2953
34591187 2945
34556602 5478
34475375 5471
34432499 2967
34361450 3036
34344543 2967
34328370 347
34311989 2967
34311697 88
34283891 2953
34229026 2967
34224916 1606
34223184 2953
34182757 292
34107385 5469
34082512 5719
34028983 2967
34002331 1121
33967149 357
33832253 1765
33732938 2967
33732482 5437
33731455 5480
33728479 5435
33728479 5436
33717454 1467
33716568 18
33695761 5635
33664357 893
33626869 283
33616113 554
33614601 2953
33592836 2967
33543282 1116
33519147 2394
33517416 2967
33412027 1368
33394132 2953
33318200 1273
33221590 1422
33171445 5645
33099812 5756
33095400 2967
33067437 1302
32974019 1176
32952560 2941
32944644 1414
32910265 2953
32874672 2421
32873134 2415
32873134 2424
32862924 2967
32852453 2967
32816989 882
32798532 2967
32795000 5423
32774585 2938
32736482 362
32704459 2967
32682033 853
32625308 5489
32611578 2340
32521097 2757
32521097 2759
32502116 2967
32496141 3057
32444255 2565
32384187 1541
32345207 2743
32213098 2967
32158372 5902
32050783 2967
32028926 1301
32017392 287
32017392 293
31975600 1304
31969849 2953
31968570 2967
31965618 1990
31964292 2967
31921945 2967
31906907 1976
31906907 1975
31874908 2461
31749823 5481
31733696 2967
31651964 2967
31625229 5477
31524440 1412
31484268 317
31435286 360
31412913 1077
31402915 283
31325939 1183
31301981 1935
31247177 327
31247078 327
31245831 5902
31108609 2953
31108586 1996
31083036 990
31022665 472
30971608 2967
30964164 2639
30915345 5907
30907688 2967
30895840 2543
30879158 2544
30875567 1190
30829038 2983
30822778 2727
30754437 5471
30712559 1304
30678115 599
30669157 1509
30653277 5475
30617724 1147
30585585 2938
30538097 1932
30530134 1093
30443474 2967
30434251 5455
30429319 1560
30294626 2934
30239430 5780
30162621 5605
30151177 3046
30129018 2733
30089328 2463
30069584 2942
30022564 5756
29965279 1644
29963457 2953
29919501 2967
29877532 2061
29802870 2967
29790178 1132
29776499 195
29723519 2591
29656583 5896
29645967 2951
29637591 1309
29598881 2953
29544652 1152
29525948 5898
29508222 5477
29482468 855
29482433 2967
29414225 583
29362848 2967
29362517 2932
29351212 5485
29320813 5754
29278451 2394
29171859 1411
29171726 1411
29171578 1411
29171530 1411
29171394 1408
29171034 1411
29170003 2967
29169639 1411
29169112 1412
29165762 1412
29163155 2967
29154495 2967
29069914 1670
29034794 2953
28964153 195
28962419 2295
28962109 1777
28925103 2967
28921164 2953
28899213 5548
28858658 2948
28821962 2736
28806290 2967
28804908 2948
28696931 2967
28624820 5825
28584436 2992
28551632 2967
28531936 5902
28494981 5864
28494980 5909
28494979 5864
28494977 5864
28494975 5864
28466681 2953
28348213 2388
28332090 1333
28309197 5624
28268229 1411
28224317 2967
28200332 1163
28117144 400
28062363 2465
27893200 469
27814898 2953
27763504 2938
27748429 1897
27743011 2967
27715548 2967
27704305 2957
27695478 552
27691081 2967
27686435 5866
27648500 2967
27640666 1412
27586404 2967
27527907 2946
27486188 2967
27478869 5634
27438550 2727
27424823 2745
27424722 285
27399328 2948
27384300 2953
27376967 5623
27248234 5785
27244223 2967
27157580 2061
27085323 2706
27083038 2706
27083034 2706
27051594 2967
26995176 2989
26960196 2371
26929950 1915
26833612 2953
26801765 5773
26797351 5707
26793818 1273
26750996 2938
26694715 2588
26640206 469
26617320 2967
26582592 2733
26546637 5831
26509930 547
26462193 2735
26432806 2967
26431321 971
26431321 970
26385157 854
26384902 2953
26384576 854
26382847 5475
26316110 2733
26303412 2967
26273682 1767
26265447 338
26248404 2967
26214228 2061
26187069 2948
26185991 2967
26102963 1859
25985092 2938
25985088 2938
25958728 2953
25948154 5575
25889324 2061
25846812 3022
25811702 1662
25811550 2953
25810809 2967
25808474 1660
25807715 1662
25780161 1411
25772805 5537
25701413 2967
25695569 1368
25693663 5877
25687497 1567
25678012 5674
25656102 171
25651406 2967
25628568 5748
25626643 5463
25615882 1751
25581799 360
25579106 2953
25567553 2967
25564097 1705
25559114 3056
25551220 1888
25502791 2697
25476385 5612
25473874 1675
25452187 1411
25423029 2953
25419000 2372
25417192 2393
25396265 2967
25376250 1411
25354298 2465
25352461 2587
25345506 5683
25340571 2967
25321446 225
25291339 1990
25278521 5480
25260863 2967
25250574 1992
25250235 2708
25249527 5518
25249503 5518
25249450 2616
25245933 2967
25196427 2967
25182096 5635
25172230 2953
25171115 1512
25168093 853
25168083 2967
25167843 1512
25164278 5594
25164278 5598
25164278 5596
25163767 5909
25163767 5908
25163767 5865
25163767 5864
25157657 2759
25149100 2967
25083951 1995
25044232 3052
25022066 2953
24997093 5490
24997071 5480
24996425 5635
24957430 2967
24957241 1934
24955457 2501
24955306 854
24955231 5619
24954921 1934
24943294 1897
24942899 1895
24942083 2967
24909395 3031
24906559 2941
24905594 2735
24905081 5904
24904963 2923
24904963 854
24904859 2849
24904439 854
24902894 882
24902329 2967
24898663 882
24898625 854
24898274 1926
24897721 2938
24897700 327
24896844 2849
24896843 2923
24896108 2941
24896104 3031
24896006 2927
24895895 5686
24895895 3031
24895833 854
24895799 2953
24895261 5480
24895261 2676
24895261 2674
24895261 2951
24895261 2908
24895261 2675
24895261 1231
24895159 317
24894692 2572
24894485 1865
24894485 216
24894485 854
24894485 1773
24894485 1866
24894483 2923
24894483 2969
24894483 317
24894482 1378
24894482 5898
24894482 1865
24894482 1866
24894482 2925
24894478 317
24894476 317
24894472 2901
24894466 317
24894459 2572
24894441 317
24894393 2923
24894041 317
24894041 2889
24894036 317
24893957 317
24893823 2395
24893822 2941
24893819 854
24893809 882
24893804 1871
24893800 5548
24893798 1926
24893798 5547
24893796 5548
24893794 3053
24893793 882
24893793 854
24893793 1773
24893790 5548
24893775 2849
24893775 5892
24893775 854
24893775 2923
24893775 1866
24893775 1964
24893775 5686
24893774 1869
24893774 2395
24893632 1926
24893632 3001
24893632 1834
24893631 468
24893631 2849
24893630 5548
24893630 1865
24893630 2941
24893630 1773
24893630 317
24893630 143
24893525 882
24893525 2929
24893525 2616
24893525 2970
24893525 854
24893497 2535
24893496 2849
24893496 1412
24893496 2941
24893496 2948
24893495 854
24893495 3031
24893495 5480
24893494 5548
24893494 2923
24893493 854
24893492 2941
24893470 5894
24893470 1871
24893455 1694
24893431 317
24893431 2735
24893431 5773
24893431 5772
24893156 2896
24893122 2603
24893121 2948
24893079 5548
24893078 2616
24892990 1602
24892945 854
24892945 1773
24892816 2535
24892813 2535
24892599 2941
24892599 2937
24892595 1866
24892595 1869
24892595 1865
24892454 1606
24892128 854
24892025 5610
24891829 1961
24891829 854
24891388 854
24891384 1773
24891384 2616
24891384 882
24891384 2849
24891384 2552
24891383 5548
24891383 2422
24891383 2772
24891383 2923
24891383 2790
24891383 2494
24891383 2588
24891383 5770
24891378 854
24890953 2395
24887312 2967
24887118 2960
24886115 3031
24883072 2979
24871849 1773
24871643 19
24870139 1964
24857715 2390
24857714 2535
24857555 2390
24857370 2391
24857338 2393
24857012 2535
24856996 2393
24856966 2535
24856911 1936
24856895 2967
24843918 5642
24820190 1926
24802925 2967
24796906 2953
24781757 192
24768490 2448
24753086 2359
24750559 3170
24717656 406
24713481 1253
24712034 2967
24701316 5643
24700511 1773
24700216 1994
24679332 21
24676994 5784
24668136 2933
24651998 2953
24638203 2967
24623212 2967
24598373 2536
24589307 5894
24586995 854
24573401 2967
24573202 780
24572149 5487
24569024 2967
24564661 2359
24563798 2967
24545621 2967
24545170 5898
24543433 1071
24541958 3053
24521619 2953
24518549 2967
24513912 1453
24513641 1309
24509257 2463
24506775 3055
24485767 1304
24475877 2967
24454459 2983
24443093 2967
24408528 2461
24351841 2967
24348370 2967
24332480 2633
24290413 2953
24276005 5760
24273162 5761
24270611 2967
24269361 3051
24262927 5548
24262924 5548
24254028 2967
24249522 890
24243002 2585
24223259 1147
24206586 2980
24206065 2972
24205980 2948
24205052 2991
24203526 2967
24200667 403
24200485 2928
24200409 2967
24194950 2499
24193315 1002
24191884 1487
24175174 2460
24174915 854
24168503 5447
24167630 2953
24155351 2465
24136245 2957
24133216 2967
24088877 1541
24034898 2375
24034682 195
24034460 187
24034459 1836
24034231 1836
24034230 187
24034156 1836
24034120 5480
24033872 189
24033856 1836
24032302 1836
24030184 2967
24018313 2967
23962355 2953
23956985 1990
23956323 1151
23944184 2967
23937213 407
23937213 1426
23937213 2384
23937213 3049
23935385 2953
23934900 2923
23934900 1962
23934900 854
23934900 2710
23934900 1885
23934900 5605
23934900 2320
23934210 1334
23934207 5644
23934205 2967
23934205 1723
23934205 1474
23934205 5691
23934204 1572
23934204 5477
23934204 2924
23934204 608
23934203 5606
23934203 734
23934202 2931
23934202 2696
23934202 2320
23934202 5445
23934201 4988
23934201 205
23934200 2926
23934199 5892
23934199 3052
23934199 1934
23934199 2930
23934199 5549
23934199 882
23934199 1897
23934199 2941
23934199 5548
23934199 5741
23934199 2940
23934199 2938
23934199 5479
23934199 1935
23934199 1306
23934198 854
23934197 2736
23934197 2550
23934197 1474
23934196 5480
23934196 2723
23934196 2970
23934196 1001
23934195 2925
23934194 2614
23934194 1603
23934194 97
23934193 327
23934193 2410
23934193 1606
23934192 2924
23934191 2618
23934190 2926
23934190 694
23934190 608
23934189 5477
23934187 1716
23934187 1469
23934187 3081
23934186 1932
23934186 1773
23934186 5451
23934186 1334
23934186 2465
23934185 2550
23934185 1559
23934185 196
23934185 1962
23934184 734
23934184 5691
23934183 2734
23934183 5606
23934183 1994
23934183 2765
23934183 2696
23934183 5644
23934183 1314
23934182 2535
23934182 2395
23934182 1603
23934182 2590
23934182 2923
23934182 2500
23934182 2937
23934181 327
23934181 3001
23934181 2603
23934180 2941
23934180 600
23934180 2926
23934179 1468
23934179 2923
23934179 1800
23934179 1666
23934178 2743
23934177 5894
23934177 1601
23934177 2392
23934177 2772
23934177 373
23934177 2927
23934177 2849
23934177 468
23934177 1247
23934177 854
23934177 2494
23934176 97
23934176 2753
23934176 1426
23934176 2736
23934176 1926
23934176 1076
23934175 1773
23934175 1334
23934175 2618
23934175 1962
23934174 468
23934174 1800
23934174 1122
23934173 2765
23934173 1897
23934173 5476
23934172 1869
23934172 2503
23934172 2550
23934172 3130
23934172 2723
23934172 2941
23934171 5425
23934171 1606
23934170 5480
23934170 5452
23934168 2753
23934168 5451
23934168 2494
23934168 466
23934168 1926
23934167 2923
23934167 5445
23934167 404
23934167 2954
23934167 2959
23934167 2926
23934167 854
23934167 2743
23934166 195
23934166 196
23934165 1426
23934165 1117
23934165 1800
23934164 5894
23934164 1572
23934163 1302
23934163 2925
23934162 2734
23934162 854
23934161 1603
23934161 1716
23934161 97
23934161 5477
23934160 1426
23934160 5451
23934159 1247
23934159 373
23934159 882
23934159 2970
23934158 2550
23934158 2790
23934158 1076
23934158 557
23934158 5606
23934158 1694
23934157 2967
23934157 555
23934156 5548
23934156 2931
23934155 2696
23934155 1468
23934154 2710
23934154 1901
23934154 2618
23934154 5448
23934154 5440
23934154 1509
23934153 1962
23934151 404
23934150 1250
23934150 736
23934150 1410
23934150 2928
23934150 2508
23934150 3005
23934150 5784
23934150 327
23934150 1559
23934150 1606
23934150 1256
23934149 1474
23934148 1969
23934148 2959
23934148 1926
23934148 3057
23934148 1311
23934148 2734
23934147 2320
23934147 2765
23934146 1507
23934146 1426
23934146 2924
23934146 1719
23934146 112
23934145 734
23934145 5473
23934145 5539
23934144 1309
23934144 3049
23934144 1962
23934144 467
23934144 1765
23934144 322
23934143 2384
23934143 1412
23934143 566
23934143 1247
23934143 4725
23934143 468
23934143 4723
23934143 4724
23934143 2320
23934143 2614
23934143 2931
23934142 2765
23934142 3130
23934142 2948
23934142 5757
23934142 2592
23934142 2927
23934141 566
23934141 2787
23934141 1572
23934141 2550
23934140 5445
23934139 2696
23934139 3005
23934139 281
23934139 407
23934139 2385
23934139 1603
23934138 2384
23934138 1509
23934138 2968
23934138 2500
23934138 5691
23934138 3049
23934138 5477
23934137 2772
23934137 1469
23934137 1247
23934137 2787
23934137 2765
23934137 1869
23934137 895
23934137 574
23934137 2929
23934137 5502
23934136 1800
23934136 5757
23934136 694
23934135 1468
23934135 2927
23934135 1932
23934135 3001
23934134 1412
23934134 1509
23934134 1311
23934134 438
23934133 2494
23934133 3050
23934133 776
23934133 404
23934133 1723
23934133 854
23934133 2743
23934133 1935
23934133 5686
23934133 2589
23934133 2588
23934132 5440
23934132 1901
23934132 468
23934132 2923
23934132 3034
23934132 2787
23934132 2641
23934132 1410
23934132 2723
23934132 2735
23934132 1570
23934132 2970
23934132 5773
23934132 1559
23934132 2941
23934132 1122
23934132 2938
23934132 1311
23934131 2710
23934131 2790
23934131 195
23934131 3081
23934131 5784
23934131 2508
23934130 1696
23934130 1250
23934130 5473
23934130 2736
23934130 373
23934129 2614
23934129 2588
23934128 1666
23934128 1719
23934128 5781
23934128 2931
23934128 2772
23934127 566
23934127 555
23934127 608
23934127 196
23934127 5480
23934126 5905
23934126 468
23934126 2924
23934126 3081
23934126 2925
23934126 5477
23934126 694
23934125 2384
23934125 2954
23934125 2320
23934125 2765
23934125 2592
23934125 734
23934125 1509
23934124 2696
23934124 265
23934124 5606
23934123 5451
23934123 1304
23934123 1311
23934123 5691
23934123 3001
23934122 5606
23934122 1932
23934121 2967
23934120 3005
23934120 1716
23934119 2550
23934119 2618
23934119 5445
23934118 2734
23934118 2723
23934118 1474
23934118 1122
23934118 2710
23934117 2508
23934117 322
23934117 1559
23934117 5477
23934115 1572
23934115 1666
23934115 3005
23934114 2959
23934114 1250
23934112 1962
23934112 2710
23934112 1901
23934112 555
23934112 2925
23934111 327
23934111 1334
23934110 1723
23934110 736
23934110 2849
23934110 2482
23934108 2967
23934108 5451
23934107 438
23934107 2500
23934107 1932
23934107 265
23934107 2320
23934107 1716
23934106 1603
23934106 1474
23934106 2743
23934106 2765
23934106 2710
23934105 1606
23934105 3001
23934105 2927
23934105 566
23934104 97
23934104 112
23934104 1122
23934103 1675
23934102 1666
23934102 3081
23934101 1250
23934100 468
23934100 1426
23934100 1719
23934100 3130
23934100 2592
23934100 2924
23934099 1897
23934099 566
23934099 1468
23934099 1145
23934099 4988
23934099 5440
23934098 407
23934098 2772
23934097 438
23934097 1603
23934097 2765
23934097 1723
23934097 1901
23934097 2723
23934097 1716
23934097 2787
23934097 1932
23934097 5440
23934097 1000
23934096 2734
23934096 1334
23934096 608
23934096 1606
23934096 3057
23934096 2736
23934096 1076
23934095 195
23934095 3001
23934095 1247
23934095 555
23934095 2587
23934094 2618
23934094 404
23934094 1559
23934092 4988
23934092 1426
23934092 5691
23934092 2547
23934092 2592
23934092 2925
23934092 5445
23934091 2734
23934091 1606
23934091 187
23934090 2575
23934090 1869
23934090 1901
23934090 2923
23934089 2772
23934089 1723
23934089 694
23934089 3005
23934088 692
23934088 3130
23934088 2508
23934088 2500
23934088 2924
23934087 2743
23934086 2959
23934086 1250
23934086 2925
23934085 1336
23934085 555
23934085 2550
23934085 734
23934084 407
23934084 736
23934084 2765
23934084 2384
23934084 566
23934084 5445
23934083 2618
23934083 2614
23934083 2710
23934083 3130
23934083 5606
23934082 2772
23934082 735
23934082 2967
23934082 2954
23934082 2461
23934082 2592
23934082 3049
23934082 5440
23934082 1666
23934081 1723
23934081 1304
23934081 196
23934081 2503
23934081 1800
23934080 2790
23934080 1122
23934080 2592
23934080 1509
23934080 2696
23934080 1572
23934080 5451
23934079 3043
23934079 2970
23934079 373
23934079 2952
23934079 5774
23934079 5677
23934079 2934
23934079 1694
23934079 5481
23934079 2613
23934079 1249
23934079 5425
23934079 2395
23934078 2967
23934078 566
23934078 5773
23934078 1620
23934078 5440
23934077 2385
23934077 1115
23934077 2592
23934077 1122
23934077 2500
23934077 3130
23934077 2787
23934076 3049
23934076 555
23934076 3001
23934076 5610
23934076 1559
23934076 2927
23934076 1349
23934076 5445
23934076 1690
23934075 2954
23934075 2734
23934073 155
23934073 2772
23934073 407
23934073 2931
23934072 292
23934072 2508
23934072 2723
23934072 2787
23934071 1901
23934071 2765
23934071 1468
23934071 693
23934071 608
23934071 690
23934071 2550
23934070 1250
23934070 327
23934070 1334
23934070 404
23934070 1600
23934069 2710
23934069 97
23934068 1247
23934068 734
23934068 2614
23934068 3170
23934068 5784
23934068 5773
23934068 5606
23934068 1474
23934067 2967
23934067 1509
23934067 3049
23934067 2765
23934067 2320
23934067 407
23934067 5757
23934067 2696
23934067 566
23934067 2925
23934067 2787
23934066 2569
23934066 2931
23934066 5440
23934065 1914
23934065 1716
23934064 736
23934064 2723
23934064 1474
23934064 468
23934064 1666
23934063 3081
23934063 566
23934063 2547
23934063 5518
23934063 407
23934063 5480
23934063 2384
23934062 2482
23934062 112
23934062 84
23934062 3001
23934062 3053
23934062 1509
23934062 5440
23934061 1994
23934061 1468
23934061 327
23934061 3130
23934061 5643
23934061 5642
23934061 2710
23934060 3049
23934060 1247
23934060 694
23934060 195
23934060 1924
23934060 189
23934060 2375
23934060 5770
23934060 192
23934060 2592
23934060 2589
23934060 1836
23934060 1411
23934060 5479
23934060 5451
23934060 2426
23934058 1932
23934058 5445
23934058 854
23934057 1723
23934057 1606
23934056 1122
23934056 1413
23934056 1620
23934056 1250
23934055 1572
23934055 2736
23934055 734
23934055 3081
23934055 5520
23934055 468
23934054 196
23934053 5905
23934053 1901
23934053 2723
23934053 5606
23934053 1426
23934052 2320
23934052 1559
23934052 404
23934052 2384
23934052 1572
23934051 1935
23934051 566
23934051 327
23934051 555
23934051 2787
23934051 1800
23934051 2790
23934050 1662
23934050 1603
23934050 2970
23934050 2408
23934050 2603
23934050 3049
23934050 1992
23934050 5635
23934050 5605
23934050 1334
23934050 5518
23934050 1934
23934050 2500
23934050 5479
23934050 5440
23934050 1311
23934050 2327
23934050 2326
23934050 1773
23934050 1474
23934049 5904
23934049 1069
23934049 1121
23934049 854
23934049 3056
23934049 2927
23934049 5480
23934049 5443
23934049 2494
23934049 2849
23934049 3057
23934048 2790
23934048 3031
23934048 1666
23934048 2948
23934048 556
23934048 3130
23934048 2385
23934048 1478
23934048 1696
23934048 2937
23934048 2588
23934048 322
23934048 5548
23934048 2926
23934048 5477
23934048 882
23934048 1901
23934048 2449
23934047 1694
23934047 1468
23934047 1250
23934047 5752
23934047 5606
23934047 97
23934047 2923
23934046 2772
23934046 736
23934046 2696
23934046 1962
23934046 2723
23934046 2787
23934046 2469
23934045 5691
23934045 1897
23934045 196
23934044 854
23934044 2765
23934044 5445
23934044 1932
23934043 3001
23934043 3005
23934043 2550
23934043 1572
23934042 3052
23934042 5479
23934041 608
23934041 1716
23934041 1247
23934041 438
23934041 2614
23934041 5477
23934041 404
23934041 2618
23934040 2736
23934040 2773
23934040 1962
23934039 2696
23934039 2745
23934038 555
23934038 2954
23934037 2765
23934037 3005
23934036 1468
23934035 1800
23934035 112
23934035 407
23934034 2384
23934034 1559
23934034 736
23934034 1122
23934033 1334
23934033 734
23934033 2500
23934033 1716
23934032 691
23934032 2320
23934032 2743
23934032 1606
23934032 1603
23934031 196
23934031 694
23934030 5756
23934030 5451
23934030 608
23934029 2736
23934027 694
23934027 2931
23934027 2765
23934026 3130
23934026 2592
23934026 2753
23934026 2923
23934025 1932
23934025 734
23934025 2743
23934025 5502
23934025 5479
23934025 2925
23934025 2924
23934025 2734
23934025 2710
23934025 1001
23934024 2736
23934024 2500
23934024 3081
23934024 1994
23934023 205
23934023 1250
23934023 112
23934023 2970
23934023 2618
23934023 1461
23934023 3005
23934023 1075
23934022 2967
23934022 5477
23934022 5451
23934022 373
23934021 1468
23934021 2931
23934020 1334
23934020 2765
23934020 5480
23934019 1426
23934019 1723
23934019 5691
23934017 1800
23934017 1962
23934017 1311
23934016 1572
23934015 2736
23934015 404
23934014 1962
23934013 1247
23934013 1716
23934013 5691
23934013 1603
23934013 827
23934013 97
23934012 2765
23934012 2925
23934012 373
23934011 2618
23934011 3005
23934011 2743
23934010 2967
23934010 1468
23934009 2614
23934009 438
23934008 468
23934008 1122
23934008 2508
23934008 327
23934008 736
23934007 112
23934007 404
23934006 2320
23934006 5691
23934006 5479
23934006 373
23934005 2959
23934005 5445
23934005 1723
23934002 196
23934002 1666
23934002 5477
23934001 2735
23934000 1250
23934000 5451
23933999 555
23933999 438
23933999 1311
23933999 1932
23933999 112
23933998 3081
23933998 1716
23933998 2765
23933998 1603
23933996 3005
23933995 1606
23933995 694
23933994 1572
23933994 2924
23933994 608
23933994 196
23933993 5480
23933993 205
23933992 1994
23933992 2743
23933990 2618
23933990 2500
23933989 574
23933989 438
23933989 2787
23933989 5757
23933989 608
23933989 2931
23933989 2613
23933989 2772
23933989 1309
23933989 1474
23933988 1723
23933988 1869
23933988 5773
23933988 373
23933988 2938
23933988 5606
23933988 2550
23933988 736
23933987 1410
23933986 1334
23933986 3049
23933986 5784
23933986 2927
23933986 1509
23933407 2954
23933029 1800
23933029 2967
23933029 1666
23933029 2734
23933029 2736
23933029 2614
23933029 469
23932901 1311
23932901 854
23932900 5712
23932900 736
23932899 1901
23932899 2970
23932899 1696
23932899 5691
23932899 5624
23932899 2937
23932899 5614
23932899 2589
23932899 2811
23932899 855
23932899 438
23932899 2384
23932899 854
23932898 97
23932898 694
23932897 1934
23932897 404
23932897 2614
23932897 2572
23932897 5475
23932897 2925
23932897 2924
23932897 1961
23932896 1666
23932895 1426
23932895 2927
23932895 2926
23932894 2734
23932894 608
23932894 196
23932489 2924
23932489 112
23932269 2735
23932269 806
23932269 438
23932071 2616
23932071 97
23932071 2494
23932071 2590
23932071 2941
23932071 1926
23932071 5480
23932071 2575
23932071 734
23932071 854
23932071 1902
23932069 2970
23932069 854
23932069 1559
23932069 1932
23932068 373
23932067 438
23932067 1800
23932067 2743
23932067 2614
23932067 1247
23932067 5473
23932067 2572
23932067 1606
23932067 2765
23932066 1666
23932066 1474
23932066 2500
23932065 2790
23932065 1897
23932065 112
23932065 855
23932065 1705
23932065 2588
23932065 1694
23932065 1570
23929284 2967
23911374 2967
23909209 2587
23908045 1935
23908044 1122
23908044 407
23908044 3057
23908044 1509
23874341 2953
23869055 2967
23868356 5610
23858183 195
23846000 2967
23843545 5480
23843194 2616
23842241 5480
23841898 5480
23841709 2850
23841471 1250
23835989 851
23835099 847
23835099 852
23833515 1662
23826065 2967
23798911 2967
23797349 2967
23776686 2886
23767900 2967
23765609 2439
23765609 2442
23765609 2440
23765609 2441
23765161 1422
23744928 2639
23744831 1836
23729883 5624
23719876 1512
23718505 2967
23705794 2953
23689726 854
23688635 2923
23688083 772
23686374 2644
23686374 2657
23686095 5898
23684417 2842
23680542 2967
23672004 854
23671735 5610
23671670 5686
23671670 882
23671665 3034
23671653 1773
23671653 854
23671649 2616
23671648 2927
23671648 2926
23671445 2941
23668170 5741
23667340 854
23665516 854
23664863 854
23664760 2967
23663717 3053
23662659 854
23662649 259
23660917 854
23660871 854
23660714 854
23660436 855
23660351 854
23660349 854
23660333 855
23660332 854
23660331 2616
23660330 5480
23660330 854
23660189 854
23660014 854
23659941 855
23659933 854
23659900 2931
23659900 97
23659882 854
23659879 855
23659875 855
23659873 1871
23659873 854
23659850 854
23659841 855
23659776 2588
23659776 2970
23659718 854
23659637 854
23659593 855
23659567 854
23659437 854
23659316 2616
23659316 1934
23659276 854
23659175 855
23659149 854
23658955 854
23658837 854
23658824 854
23658816 854
23658796 854
23658778 855
23658769 854
23658759 2941
23658759 2938
23658758 1421
23658732 2948
23658729 854
23658544 854
23658543 1926
23658543 3031
23658543 2927
23658543 2926
23658543 2616
23658542 2849
23658541 5892
23658541 2723
23658541 854
23658541 5443
23658469 5480
23657690 854
23657540 19
23657095 854
23656428 2616
23656428 854
23656210 5624
23655740 5480
23655167 854
23654037 854
23653076 5480
23651485 854
23651484 5773
23651126 2967
23650872 2789
23644342 2948
23643638 854
23641433 2967
23640068 2953
23632292 2967
23630017 2967
23628219 1301
23610604 1644
23609330 2923
23595835 854
23585951 2953
23521158 1806
23510269 2953
23496741 5771
23465528 1350
23464920 4726
23464060 4719
23463440 1203
23424182 5432
23394098 2967
23368772 3048
23367994 3046
23367509 5480
23365887 2953
23353958 5634
23339480 1411
23333522 1989
23324519 1077
23312324 854
23308914 2967
23290311 399
23269274 2967
23258741 283
23202803 2967
23194895 2953
23178109 2458
23177451 2457
23177451 2458
23176142 2953
23161790 5441
23150196 362
23147687 2967
23144389 3053
23143854 2967
23141846 1089
23141220 2967
23140991 1990
23135688 2967
23134785 2934
23120254 2953
23110297 1765
23104474 2937
23094175 2758
23083897 2967
23081970 1309
23078278 2706
23077939 2953
23076723 5764
23076121 5756
23074381 5756
23074358 5756
23073779 2754
23073645 5763
23068664 5764
23062310 1836
23060271 5760
23042700 2967
23031550 5825
23014577 1933
23012208 5838
23002032 2957
22987224 1777
22987133 736
22986612 2953
22974222 5784
22971240 1950
22969336 2967
22940003 1305
22937448 362
22916985 3000
22894163 2844
22894055 854
22893979 2822
22893763 1541
22893260 1869
22893259 1867
22893169 1869
22893135 1867
22893095 1867
22892945 1869
22892902 1869
22892899 1869
22892000 2967
22891928 1868
22891928 1866
22891928 1865
22891457 2953
22886766 1869
22886766 1867
22883380 2953
22873474 5642
22863702 1994
22861885 2967
22860403 1994
22859251 3053
22848814 2938
22846076 2953
22845659 1994
22843483 3051
22830077 5640
22826393 1245
22804765 2967
22802779 2367
22769190 2967
22760762 2070
22760338 2315
22760164 2291
22759905 2465
22755971 2327
22755971 2326
22755970 2063
22755920 2295
22755801 2061
22755616 2294
22755590 2076
22755109 2288
22755049 2315
22754978 2075
22754887 2323
22754794 2061
22726134 2953
22720029 5766
22716650 2967
22715259 2551
22702637 2406
22693841 2587
22693428 2967
22688164 5492
22687560 892
22685064 1412
22671121 311
22671121 316
22663448 1836
22659237 2967
22635232 2967
22621584 1966
22620384 1254
22617574 854
22613900 4575
22613565 5906
22598259 991
22597780 2953
22561939 5756
22561331 2967
22557860 5756
22557821 5756
22557799 5756
22557344 5756
22556677 5756
22556178 291
22556085 5772
22555852 5773
22554363 5773
22554363 5772
22553083 2958
22552936 5770
22552538 1178
22552528 2958
22552255 2934
22552244 5760
22552244 2386
22552237 793
22552235 2940
22552231 5770
22552231 5756
22552230 3023
22552228 5785
22552226 5762
22552225 2958
22552225 5774
22552225 131
22552222 5760
22552222 2386
22552222 1077
22552221 2952
22552219 2387
22552089 2967
22551959 2961
22551957 5643
22551946 3022
22551946 5773
22551946 5765
22551946 2849
22551936 2970
22551928 5774
22551688 1933
22551686 190
22551528 2953
22550179 1174
22547782 2958
22545946 2967
22542166 2967
22540633 5772
22515483 19
22511711 2953
22509589 1600
22493680 3053
22490694 2967
22469469 1541
22469469 2499
22467654 5741
22467494 4001
22464594 2461
22463996 855
22463995 2970
22461411 2461
22461053 1994
22461036 1994
22460750 1994
22460174 851
22457355 3006
22457212 5605
22457202 3047
22457147 1314
22456791 2499
22456788 2495
22456721 1964
22456425 2499
22456422 2499
22456420 2499
22456414 2603
22456407 1994
22456407 2461
22456224 1994
22455991 2602
22454929 854
22454495 793
22436607 1301
22435623 3046
22435623 3047
22435623 3050
22404934 599
22401870 2967
22386241 362
22385765 2967
22374557 1900
22373248 1767
22364830 2394
22354790 322
22344814 5765
22344380 5764
22329394 2996
22329126 2948
22328695 2941
22328633 2950
22325564 2967
22299256 2967
22298860 2953
22284050 3019
22273836 3053
22273630 2760
22257060 5896
22249814 2967
22245930 1990
22221601 5886
22218423 5902
22204382 5831
22197713 2984
22180010 2929
22174463 2950
22174291 2967
22167828 1304
22156854 2953
22156432 5610
22155494 1488
22154294 2967
22152418 1994
22152097 1719
22151987 2461
22138825 1197
22132739 2967
22131975 2967
22131816 2953
22130167 2953
22129164 2953
22128782 2967
22127798 2953
22127594 2953
22126801 2953
22126202 2953
22125373 2967
22124444 2953
22124188 2967
22123730 2953
22122466 2967
22122377 2953
22121794 2967
22121544 2953
22121429 855
22086414 1765
22074229 5549
22052444 5643
22052272 5643
22052272 5642
22051909 5643
22044537 2967
22038696 2598
22037237 3056
22036162 2587
22036042 3053
22016604 2359
22009270 2967
22005142 2933
22004933 285
22002418 3293
21991231 1129
21980956 2745
21980321 2953
21977395 1990
21969071 2551
21960163 2967
21954471 4000
21954416 1188
21953723 5189
21953659 4722
21953542 3170
21952929 5194
21952929 5192
21935572 1765
21932598 2967
21924511 2967
21924023 5677
21923259 1765
21911777 2967
21911662 312
21902666 2925
21897556 1411
21893923 1625
21893810 1487
21893625 1765
21892549 2933
21876519 5480
21875838 1226
21867548 117
21867414 2950
21866971 2948
21850418 882
21844275 854
21842453 2588
21819855 362
21818650 2945
21818650 2929
21818634 2951
21818634 2937
21818553 2967
21818511 2946
21818511 2941
21818511 2940
21818495 2991
21817816 2967
21817715 2945
21817615 2980
21816299 2967
21816274 2928
21815487 120
21815457 2941
21815434 2940
21815002 2948
21815002 2937
21814943 2938
21814867 2929
21814677 2945
21814408 2967
21813809 2937
21813735 403
21813669 2950
21813657 2940
21813651 2940
21813651 406
21813646 406
21813644 2938
21813643 2928
21813638 2940
21813634 2941
21813615 2950
21813609 2941
21813602 2941
21813599 2942
21813580 2939
21813565 2941
21813406 2937
21813381 406
21813378 403
21813367 2928
21812883 2950
21812784 2937
21812157 2929
21812039 2941
21811762 2967
21811243 2978
21811126 2967
21811107 2945
21811014 406
21810977 2953
21810956 2941
21810955 2946
21810882 2938
21810882 2929
21810458 2950
21810249 2945
21810236 2948
21809674 2942
21809426 2941
21806397 1412
21806031 283
21803017 2714
21790055 2967
21775599 2967
21775495 2953
21773786 2967
21773712 2967
21772987 2967
21768783 2967
21766100 1469
21758063 5643
21753375 2967
21753202 280
21744789 2967
21733875 2967
21718255 2967
21717926 1970
21708331 1933
21684895 1469
21679614 890
21677316 5450
21676175 893
21664723 1765
21663621 5487
21660671 2587
21660345 2967
21659271 1765
21659070 5487
21658359 5487
21658261 1317
21642749 302
21639814 2967
21639132 1304
21629473 1934
21629182 5480
21629130 1619
21629130 1620
21628677 1411
21628287 2591
21627396 2934
21627371 3008
21626445 3036
21626412 5888
21624716 1510
21624675 2953
21624396 2971
21621733 2967
21619934 2967
21619170 1861
21618653 1469
21618367 750
21617869 1469
21617800 1469
21617800 1760
21617502 2967
21617454 1897
21616894 5784
21616704 5644
21616107 2967
21616094 1719
21614971 2967
21614440 1935
21614025 2967
21613992 5522
21613992 5520
21613992 5519
21613992 5517
21613253 2619
21613253 5677
21613221 2938
21613221 854
21613144 2941
21612664 2587
21609441 5480
21608384 5634
21608235 2967
21607495 2957
21606646 1695
21603390 1990
21603257 2967
21603096 3057
21601779 2967
21601233 2957
21600444 5480
21599439 2758
21599097 2967
21597621 2967
21597016 1541
21596453 5772
21596217 5480
21596215 854
21596214 5480
21592779 903
21592371 1662
21592338 1662
21592331 1171
21590413 2967
21587608 2953
21587401 2967
21587255 2953
21587207 2331
21587090 2967
21585430 2953
21584954 3053
21582834 2967
21578973 3056
21578640 362
21578207 2967
21576755 5487
21576575 5487
21573167 2744
21573167 1660
21572865 5480
21572797 3022
21572797 5774
21572797 5773
21572797 5763
21572797 5760
21572797 5756
21572797 2386
21572797 251
21572797 3021
21572793 1412
21572756 2967
21572748 1934
21569312 5756
21569139 2953
21569121 2967
21568802 2745
21567743 2967
21566994 2957
21566553 1463
21564716 1950
21561809 1994
21561569 2953
21560876 1895
21560445 5887
21558169 283
21557852 1992
21557246 5447
21557042 2967
21553831 3053
21552825 5487
21552170 2967
21552111 853
21552111 2572
21551733 855
21548334 5604
21547011 2967
21545388 5448
21544994 5480
21544891 2950
21544396 5480
21542682 2967
21542289 4863
21540252 2587
21536486 1301
21536424 2967
21534821 2967
21533605 2953
21532296 2967
21532286 5480
21532286 307
21532286 1163
21532116 1412
21530853 2967
21528464 5762
21527728 5784
21526266 2967
21524772 2587
21524766 1116
21523985 155
21523662 2967
21522496 2953
21522427 1413
21521507 2967
21521472 2468
21521008 327
21519488 2967
21517588 2967
21517145 5487
21516734 2953
21516501 2967
21516070 854
21515774 1620
21515479 2967
21515220 5448
21514876 5784
21514876 2070
21514790 1512
21514614 469
21514102 1690
21513637 5480
21513299 2765
21513299 2735
21513299 2952
21513299 2948
21513299 3042
21513299 2937
21513299 5517
21513299 854
21513299 1962
21513299 1130
21513299 1412
21513299 1509
21513299 187
21513175 5677
21513038 1411
21513015 2967
21511712 5487
21511321 2938
21511316 3051
21511313 362
21511305 3053
21511107 5610
21510597 2953
21509908 1469
21509690 2967
21509482 5896
21508858 1994
21508423 2967
21507630 2587
21506488 2967
21506428 5822
21506428 5821
21504617 2743
21504609 283
21504595 5784
21504426 5480
21503973 2953
21503037 2926
21502034 407
21500663 5183
21500663 1410
21497915 2967
21497516 854
21497443 2934
21496409 2745
21496117 2789
21496113 5642
21495762 1124
21495748 2639
21495747 912
21493139 2967
21492074 2953
21491905 1994
21490477 2967
21489852 2967
21489651 2967
21489557 2953
21489476 2967
21488922 2967
21488153 2957
21487979 2967
21485397 4001
21485015 3001
21484989 5440
21484989 2384
21484989 4988
21484981 5757
21484981 3049
21484981 2696
21484980 3292
21484980 3130
21484980 1559
21484979 1901
21484305 2967
21483343 3053
21480861 1469
21480818 1719
21480817 5480
21480817 2458
21480564 2967
21480312 362
21480098 362
21479299 2333
21479273 362
21479034 3057
21478715 362
21477241 5487
21477180 5487
21476910 2587
21476901 5487
21476536 362
21476339 1765
21475534 1932
21471470 5480
21470512 2967
21470421 2933
21470217 2967
21470002 5435
21469736 5518
21469513 5756
21469429 5771
21469402 5784
21469342 5888
21469342 5548
21469342 1541
21469342 1994
21469313 2938
21468853 242
21468659 5852
21468508 5887
21468344 2509
21467898 2957
21467721 2957
21467532 2957
21467351 2957
21465510 2953
21465115 1601
21464834 1935
21464176 2789
21463743 1933
21463111 2602
21462841 5893
21462701 5437
21462579 2957
21462546 404
21462466 5781
21461978 1897
21461964 854
21461776 5480
21457897 2589
21455358 2957
21455198 5677
21454447 5777
21453695 5771
21453602 360
21453599 362
21452999 2967
21452765 5447
21452760 5635
21451363 5784
21449736 1690
21447954 2967
21447360 5517
21445121 1252
21444351 1423
21444152 2749
21443644 1422
21443644 1420
21443430 2755
21443278 2765
21443170 1423
21443143 2762
21442766 1423
21442764 1525
21442352 1422
21442275 1423
21440052 1422
21439681 2764
21427811 2967
21425801 5892
21424292 2967
21424066 1720
21423612 1113
21423279 1720
21423268 1865
21423235 5892
21404767 327
21396500 1961
21390237 2759
21390237 2757
21382500 2463
21372290 5771
21351833 2967
21341842 1112
21334488 196
21320267 1602
21314831 2967
21303230 2967
21301989 2967
21266281 2967
21245807 5837
21234404 2953
21230170 2967
21226065 1304
21206890 1509
21205627 2967
21188683 2967
21174804 1662
21153635 2967
21149694 854
21148786 553
21148402 2967
21127052 1301
21125840 469
21102010 2494
21098531 2953
21070300 2733
21069986 467
21030199 1555
20998898 4741
20995728 469
20971893 2733
20951429 3065
20946304 2727
20934191 2365
20930813 2735
20930245 5493
20927320 469
20926337 5493
20921354 5199
20918433 2735
20918403 2735
20918287 2735
20915403 469
20912770 2953
20912216 2735
20911532 5493
20909795 2735
20909275 3068
20908587 469
20908259 445
20907897 2735
20906543 3068
20906490 3068
20906472 2735
20906452 2736
20906420 2735
20906415 469
20906401 469
20906401 2735
20906360 469
20906358 2735
20906352 469
20906350 2735
20906342 2735
20906336 2735
20906336 469
20906331 469
20906328 2735
20906323 2735
20906320 2735
20906305 2735
20906301 469
20906294 2735
20906251 2735
20906250 469
20906141 2736
20906141 3065
20906099 2735
20905542 2735
20905432 2736
20905073 469
20904702 2735
20904476 2735
20904415 2735
20904413 3068
20904391 2735
20904187 469
20903829 2735
20903295 2735
20902719 469
20902719 2726
20902600 2735
20902548 5492
20902548 440
20902547 2735
20902082 2735
20901425 469
20897775 469
20897742 2735
20897690 469
20896624 5492
20896624 2735
20894469 440
20893894 5468
20892529 2938
20891914 3068
20890487 2735
20874940 3068
20789963 2967
20759936 5470
20757477 2967
20756155 2953
20730015 5480
20727704 5764
20713684 2967
20677603 2967
20645485 195
20582649 2967
20578275 5773
20563751 1765
20563633 1765
20554682 2953
20484665 2967
20417613 1145
20383489 2967
20366525 1645
20363006 2967
20361780 2967
20354757 2953
20334526 2967
20326560 2891
20320832 2953
20297905 2722
20289476 2465
20287454 2967
20287213 2967
20285587 2967
20250477 1467
20210211 1245
20167742 2967
20141519 325
20116779 2967
20103199 1488
20097533 1077
20093883 1777
20091043 2938
20055056 1991
20048233 2936
20045193 2967
20044241 2941
20044241 2940
20039943 2991
20038894 2967
20038629 2938
20038312 2967
20037228 2953
20037205 2967
20036788 2941
20036467 2967
20035764 2997
20035216 2967
20034256 2967
20031993 2967
20024159 2929
20024119 2967
20022814 408
20022220 2967
20022207 2967
20019025 5831
20001048 1312
19988408 283
19958767 1444
19952018 5899
19933037 2967
19906856 2759
19905812 1412
19895797 2967
19894592 1163
19889608 1994
19889595 5614
19889552 1994
19842543 2967
19834638 2953
19834424 1773
19805262 5549
19805245 5548
19772787 280
19771816 2463
19767279 2953
19764930 1442
19764123 2967
19745685 2061
19740865 374
19683529 2958
19681070 2967
19678757 3053
19675013 1469
19658430 5800
19651099 5800
19649726 1541
19625080 2762
19625080 2760
19621762 853
19617099 2461
19615607 2967
19599958 1248
19550655 2967
19549118 2764
19541366 5640
19540628 5640
19517831 853
19514555 2967
19513489 2390
19496921 1847
19496921 1861
19494150 5612
19487456 1897
19482800 2938
19475082 883
19473307 1696
19466698 2967
19466162 5447
19442924 1895
19405780 285
19405746 2967
19396403 2953
19377918 1773
19345581 2967
19344369 5478
19328780 2574
19328272 2743
19320955 854
19314781 2745
19313402 2967
19312961 41
19312144 5476
19310864 2745
19310613 2967
19310336 2967
19299248 2742
19291047 2967
19261440 2967
19229134 1305
19226308 1926
19217703 2967
19166964 2967
19150464 2953
19148051 2967
19131129 5784
19084818 5733
19052858 2745
18985925 1990
18863054 2967
18817226 2967
18813550 2953
18809575 5756
18808724 2668
18807700 5576
18759785 880
18668135 1034
18644190 2359
18633525 2978
18601282 2967
18576477 2394
18520071 102
18458451 2967
18457259 2603
18393818 1751
18391090 1198
18376120 282
18351486 2967
18341158 1933
18248964 5686
18219182 5439
18069701 5770
18061860 2953
17997959 336
17993443 1469
17978490 2941
17921531 920
17852526 2502
17834915 3058
17786283 892
17727666 2967
17683211 5764
17680040 1643
17672320 2967
17668818 1174
17590399 1777
17462425 2953
17308885 2510
17308885 2488
17304066 377
17292415 1900
17266056 2967
17204028 5481
17181421 2953
16986131 113
16977325 5480
16968019 2977
16966051 17
16926984 384
16910209 2061
16898869 1453
16896078 2967
16888991 1305
16841367 5898
16816110 5825
16797242 2938
16794831 1077
16779123 1897
16765539 2967
16732960 2942
16704783 2930
16704035 5471
16664945 1990
16578885 2967
16557810 3052
16505620 1660
16326520 5542
16307673 1210
16297950 2967
16255159 1254
16238424 1961
16237424 5634
16194342 2639
16111311 1397
16007092 2953
15989333 2759
15982359 2061
15947753 5610
15943975 2967
15938805 2622
15867682 2991
15866354 2951
15826238 1771
15819436 733
15817092 731
15816647 733
15771584 2967
15757017 5708
15685388 1487
15683698 2967
15645332 2953
15618637 1995
15579773 2476
15555606 599
15520623 1409
15453178 1273
15445024 2593
15444728 312
15423643 1599
15400738 2953
15391005 1806
15376266 2967
15368542 2950
15367617 2938
15304164 5560
15272915 5894
15261609 1513
15256087 2378
15224104 2941
15219490 5910
15218659 420
15180950 297
15134398 2967
15127474 1408
15094252 195
15051298 2760
14998587 5478
14882313 2394
14842921 2503
14824102 1884
14784545 2983
14761114 1603
14735854 2967
14695805 5644
14674830 2967
14655681 2759
14624837 2061
14478638 5482
14445555 2521
14445555 2520
14440430 2967
14438736 1475
14407778 2953
14392054 5642
14366946 5433
14345949 1667
14227990 1304
14201505 5423
14077607 5888
14033809 2967
13860315 2597
13832002 1620
13831929 751
13811881 2967
13777491 5430
13775787 270
13772354 2938
13762964 5902
13697239 1999
13526999 1661
13432985 854
13361895 2901
13306385 1768
13306385 1767
13305963 1884
13300689 2953
13285443 2465
13275469 2941
13239671 5614
13206969 1303
13183108 2967
13150142 5781
13129333 2953
13098286 3018
13086526 582
13081416 2576
13079665 2923
13072921 1487
13045735 1035
13019885 2733
12946088 1968
12936292 557
12935646 2508
12901391 5481
12892037 2967
12836208 2061
12836204 2061
12836201 2061
12800979 2967
12780886 2967
12767676 3017
12750401 2934
12702832 4742
12686822 1422
12672381 2764
12638714 1322
12616417 195
12591781 2061
12517327 2394
12482686 5778
12447650 2545
12320627 3068
12289875 1601
12236380 1571
12228983 5756
12217121 2967
12203290 1990
12147162 2608
12070861 2638
11915357 2492
11915353 2494
11854144 2953
11853097 2987
11806010 2953
11784663 2061
11695735 599
11674545 2967
11636116 1158
11618519 1436
11598924 1806
11535856 5818
11446120 1897
11402333 1690
11398496 2967
11397976 558
11362616 2463
11356612 1552
11313538 2967
11282599 283
11275185 5761
11211906 2980
11158846 2938
11103475 5729
11075088 2967
11064303 5612
10965390 1806
10959169 2615
10930838 1440
10913566 5896
10897158 2953
10861688 266
10844164 5460
10799099 1936
10777482 2967
10656549 5581
10627685 283
10581540 2955
10545188 2967
10538059 2565
10333674 5835
10333674 5834
10281231 5493
10273989 2967
10256276 2448
10215665 1273
10191721 1793
10102908 1352
10099288 2967
10070931 5710
10001038 969
9962509 2927
9940297 1773
9915745 2967
9799871 5783
9792663 2061
9742335 2967
9651102 2967
9616861 2967
9566968 1077
9506298 2925
9460030 5611
9333455 2967
9197356 2761
9121751 5197
9121751 5190
9121751 3301
9121751 3284
9076219 2967
8917265 5435
8917042 1488
8906428 1309
8840449 2967
8819557 2706
8560469 2967
8504582 2061
8414195 2463
8407074 2967
8404712 2953
8320485 2991
8304896 1777
8259446 2967
8238867 893
8233237 83
8047731 2967
7994181 5763
7989801 854
7987643 1304
7963454 943
7960784 2587
7959671 122
7947923 5766
7947445 1186
7814761 2061
7646000 2967
7638444 1152
7453298 2967
7427554 273
7366387 2967
7323455 2953
7261944 2594
7232474 1147
7159303 2950
7143122 2967
7127901 195
7057940 2588
6941231 1990
6873388 2967
6829448 1512
6819639 1695
6767304 2967
6744735 469
6735808 2061
6719272 2633
6697869 2584
6690973 599
6659885 1806
6623540 1599
6566399 2532
6494002 2953
6477297 1453
6376718 2967
6337461 2706
6090805 2967
6061623 5765
6031752 982
5991342 222
5921594 2616
5818480 1467
5752305 2967
5617429 2849
5488768 5573
5287034 854
5265880 2967
5199201 1305
5177673 1254
5090707 2061
5056396 2764
5007885 2603
4848818 1487
4848735 5796
4763430 1806
4677914 1116
4664393 5605
4657504 1422
4630316 21
4612678 2967
4589657 5532
4555560 1706
4542575 5497
4525416 2953
4491070 3032
4459666 2967
4455240 2863
4449962 1416
4447067 2791
4421308 2744
4420779 2740
4401809 2715
4376988 2636
4337398 2576
4324873 195
4253861 195
4245254 2511
4244567 5613
4228206 2475
4042667 1944
4037638 2757
3941812 1879
3925665 1872
3869663 2953
3683601 1667
3646219 2941
3609010 1619
3554608 1586
3482863 1254
3468271 2967
3399924 2953
3362661 1485
3335493 1933
3233095 5519
3214466 2061
3136332 2967
3115898 986
2989524 1335
2865890 1423
2769773 2929
2742970 2967
2726011 1245
2681966 1144
2666713 2938
2647042 2061
2539859 1071
2536980 1043
2531344 5478
2493790 2394
2406550 2512
2201867 930
2201867 931
2201867 935
2191178 2609
2139423 2967
2062385 878
1950965 1992
1897672 2950
1874614 1965
1766357 3008
1733220 2948
1715697 2967
1712512 2967
1708909 19
1660512 5620
1635174 599
1530312 2967
1519196 2953
1426034 755
1196728 589
1147243 282
1046684 471
978712 1381
948903 2938
891087 403
885781 2501
636179 5780
617548 2951
396691 1301
283125 2939
276575 183
270268 2967
211442 137
211442 144
211442 127
211442 665
211442 115
191797 2371
189767 2967
44034 2061
44023 2061
44018 2061
39759 2784
39759 2782
39759 2780
39759 2775
39759 2774
39759 2771
38464 3070
19574 2900
19569 2900
19561 2900
9413 2916
5926 5910
5926 5909
5924 5865
5923 5911
5923 5910
5923 5909
5922 5865
5921 5911
5921 5910
5921 5909
5921 5864
5920 5865
5919 5911
5919 5909
5919 5908
5919 5864
5918 5910
5918 5865
5917 5911
5917 5909
5915 5910
5914 5911
5914 5909
5914 5865
5913 5910
5913 5908
5913 5864
5912 5911
5912 5909
5912 5865
5911 5910
5910 5909
5910 5865
5909 5911
5905 5906
5904 5902
5902 5904
5901 5902
5899 5900
5898 5897
5895 5894
5893 5896
5892 5894
5889 5898
5889 5880
5888 5887
5888 5886
5888 5884
5888 5883
5888 5881
5888 5878
5888 5877
5888 5873
5888 5871
5888 5865
5888 5862
5888 5861
5888 5860
5887 5888
5887 5885
5887 5882
5887 5880
5887 5879
5887 5876
5887 5874
5887 5872
5887 5870
5886 5884
5886 5883
5886 5881
5886 5878
5886 5877
5886 5873
5886 5871
5886 5868
5886 5865
5886 5864
5886 5863
5886 5861
5886 5839
5884 5888
5884 5887
5884 5886
5884 5883
5884 5882
5884 5880
5884 5876
5884 5874
5884 5872
5884 5871
5884 5870
5884 5862
5884 5860
5883 5885
5883 5881
5883 5879
5883 5878
5883 5877
5883 5875
5883 5873
5883 5868
5883 5865
5883 5864
5883 5863
5883 5861
5883 5839
5882 5888
5882 5887
5882 5886
5882 5884
5882 5880
5882 5876
5882 5874
5882 5871
5882 5870
5882 5862
5882 5860
5882 5856
5881 5885
5881 5883
5881 5882
5881 5879
5881 5878
5881 5877
5881 5873
5881 5872
5881 5865
5881 5864
5881 5863
5881 5861
5881 5839
5880 5888
5880 5887
5880 5886
5880 5884
5880 5881
5880 5876
5880 5874
5880 5870
5880 5868
5880 5862
5880 5860
5879 5883
5879 5882
5879 5880
5879 5878
5879 5873
5879 5871
5879 5865
5879 5864
5879 5863
5879 5861
5879 5839
5878 5888
5878 5887
5878 5886
5878 5884
5878 5881
5878 5877
5878 5874
5878 5870
5877 5883
5877 5882
5877 5880
5877 5876
5877 5873
5877 5872
5877 5868
5877 5865
5876 5888
5876 5887
5876 5886
5876 5884
5876 5881
5876 5878
5876 5874
5876 5870
5876 5862
5876 5860
5875 5885
5875 5883
5875 5882
5875 5880
5875 5879
5875 5877
5875 5873
5875 5872
5875 5865
5875 5864
5875 5863
5875 5861
5875 5839
5874 5888
5874 5887
5874 5886
5874 5884
5874 5881
5874 5878
5874 5870
5874 5862
5874 5860
5873 5885
5873 5883
5873 5882
5873 5880
5873 5879
5873 5877
5873 5876
5873 5874
5873 5872
5873 5865
5873 5864
5873 5863
5873 5861
5873 5839
5872 5888
5872 5886
5872 5884
5872 5873
5872 5866
5872 5860
5871 5890
5871 5887
5871 5883
5871 5882
5871 5880
5871 5878
5871 5870
5870 5888
5870 5886
5870 5884
5870 5877
5870 5876
5870 5874
5870 5871
5870 5865
5870 5864
5870 5863
5870 5862
5870 5861
5870 5839
5869 5907
5869 5887
5869 5885
5869 5883
5869 5882
5869 5881
5869 5880
5869 5879
5869 5878
5868 5860
5866 5864
5866 5859
5865 5910
5865 5888
5865 5886
5865 5884
5865 5883
5865 5877
5865 5875
5865 5873
5865 5872
5865 5870
5865 5868
5865 5863
5865 5862
5865 5861
5865 5858
5865 5857
5865 5854
5865 5853
5865 5852
5865 5851
5865 5847
5865 5845
5865 5844
5865 5843
5865 5842
5865 5841
5865 5840
5865 5839
5863 5865
5863 5864
5863 5860
5863 5859
5863 5856
5863 5855
5863 5850
5863 5849
5863 5848
5863 5846
5862 5861
5862 5858
5862 5857
5862 5854
5862 5853
5862 5852
5862 5845
5862 5844
5862 5843
5862 5842
5862 5841
5862 5840
5861 5865
5861 5863
5861 5862
5861 5860
5861 5856
5861 5855
5861 5850
5861 5849
5861 5848
5861 5847
5861 5846
5861 5839
5860 5864
5860 5859
5860 5858
5860 5857
5860 5854
5860 5853
5860 5852
5860 5844
5860 5843
5860 5842
5860 5841
5860 5840
5859 5865
5859 5863
5859 5861
5859 5856
5859 5855
5859 5850
5859 5849
5859 5847
5859 5846
5859 5839
5858 5864
5858 5862
5858 5860
5858 5857
5858 5854
5858 5853
5858 5852
5858 5848
5858 5845
5858 5844
5858 5843
5858 5842
5858 5841
5857 5866
5857 5865
5857 5863
5857 5861
5857 5859
5857 5856
5857 5855
5857 5849
5857 5847
5857 5846
5857 5840
5857 5839
5856 5864
5856 5862
5856 5860
5856 5854
5856 5853
5856 5852
5856 5850
5856 5844
5856 5843
5856 5842
5856 5841
5855 5865
5855 5861
5855 5859
5855 5857
5855 5849
5855 5847
5855 5846
5855 5840
5855 5839
5854 5864
5854 5862
5854 5860
5854 5858
5854 5856
5854 5855
5854 5853
5854 5852
5854 5848
5854 5845
5854 5844
5854 5843
5854 5842
5854 5841
5853 5865
5853 5863
5853 5861
5853 5859
5853 5857
5853 5854
5853 5850
5853 5849
5853 5847
5853 5846
5853 5840
5853 5839
5852 5864
5852 5862
5852 5860
5852 5858
5852 5856
5852 5855
5852 5848
5852 5845
5852 5844
5852 5843
5852 5842
5852 5841
5851 5865
5851 5863
5851 5861
5851 5859
5851 5853
5851 5852
5851 5847
5851 5846
5851 5840
5851 5839
5850 5864
5850 5862
5850 5860
5850 5858
5850 5856
5850 5855
5850 5848
5850 5845
5850 5844
5850 5843
5850 5842
5850 5841
5849 5865
5849 5863
5849 5861
5849 5859
5849 5857
5849 5854
5849 5853
5849 5852
5849 5847
5849 5846
5849 5840
5849 5839
5848 5864
5848 5862
5848 5860
5848 5858
5848 5856
5848 5855
5848 5850
5848 5849
5848 5845
5848 5844
5848 5843
5848 5842
5848 5841
5847 5865
5847 5863
5847 5861
5847 5859
5847 5857
5847 5854
5847 5853
5847 5852
5847 5848
5847 5846
5847 5840
5847 5839
5846 5860
5846 5858
5846 5856
5846 5855
5846 5850
5846 5849
5846 5847
5846 5845
5846 5844
5846 5843
5846 5842
5846 5841
5845 5865
5845 5864
5845 5863
5845 5862
5845 5861
5845 5859
5845 5857
5845 5854
5845 5853
5845 5852
5845 5848
5845 5840
5845 5839
5844 5860
5844 5858
5844 5856
5844 5850
5844 5849
5844 5847
5844 5846
5844 5843
5844 5842
5844 5841
5843 5865
5843 5864
5843 5863
5843 5862
5843 5861
5843 5859
5843 5857
5843 5855
5843 5854
5843 5853
5843 5852
5843 5848
5843 5845
5843 5844
5843 5840
5843 5839
5842 5860
5842 5858
5842 5856
5842 5850
5842 5849
5842 5847
5842 5846
5842 5841
5841 5865
5841 5863
5841 5862
5841 5861
5841 5859
5841 5857
5841 5855
5841 5854
5841 5853
5841 5852
5841 5848
5841 5845
5841 5844
5841 5843
5841 5842
5841 5840
5840 5860
5840 5858
5840 5856
5840 5850
5840 5849
5840 5847
5840 5846
5839 5865
5839 5864
5835 5836
5835 5834
5834 5835
5833 5832
5832 5831
5830 5825
5828 5825
5826 5825
5825 5829
5825 5827
5825 5826
5823 5824
5822 5819
5821 5820
5821 5818
5820 5822
5820 5819
5818 5821
5817 5816
5816 5817
5814 5813
5813 5815
5812 5809
5811 5804
5810 5807
5809 5805
5808 5810
5808 5809
5808 5804
5806 5809
5806 5808
5806 5807
5806 5805
5805 5804
5804 5808
5804 5806
5803 5802
5803 5801
5802 5803
5799 5798
5798 5800
5795 5794
5793 5792
5792 5791
5791 5789
5788 5787
5787 5786
5786 5785
5785 5772
5783 5784
5782 5781
5780 5786
5779 5778
5778 5776
5776 5778
5775 5783
5775 5780
5773 5772
5772 5773
5769 5785
5769 5771
5768 5767
5765 5764
5764 5766
5764 5762
5762 5760
5761 5758
5760 5762
5760 5761
5759 5760
5752 5751
5751 5752
5750 5749
5749 5756
5749 5754
5749 5753
5749 5751
5749 5750
5749 5746
5749 5745
5748 5747
5747 5756
5747 5749
5746 5748
5745 5743
5744 5745
5744 5742
5743 5744
5742 5745
5742 5743
5740 5741
5740 5739
5739 5740
5739 5738
5736 5737
5736 5735
5731 5732
5730 5731
5728 5727
5727 5726
5726 5728
5726 5725
5726 5724
5726 5723
5724 5727
5724 5726
5718 5719
5717 5716
5716 5717
5715 5714
5713 5712
5701 5706
5701 5704
5701 5702
5689 5699
5689 5697
5689 5695
5689 5693
5689 5691
5689 5690
5685 5683
5683 5685
5682 5683
5681 5680
5680 5681
5679 5678
5676 5675
5675 5676
5648 5673
5648 5671
5648 5669
5648 5667
5648 5665
5648 5663
5648 5661
5648 5659
5648 5657
5648 5655
5648 5653
5648 5651
5648 5650
5648 5649
5645 5644
5642 5643
5639 5638
5638 5639
5636 5637
5632 5633
5632 5631
5632 5630
5631 5632
5628 5629
5626 5625
5625 5626
5624 5623
5622 5621
5621 5622
5619 5618
5615 5616
5614 5612
5614 5610
5612 5614
5608 5609
5606 5605
5603 5605
5602 5601
5601 5603
5600 5599
5600 5595
5600 5591
5599 5600
5599 5593
5599 5592
5598 5595
5598 5594
5598 5591
5597 5599
5597 5593
5596 5595
5596 5594
5596 5591
5595 5599
5595 5598
5595 5593
5593 5599
5593 5598
5593 5595
5593 5594
5592 5593
5591 5600
5591 5598
5590 5587
5588 5587
5587 5590
5587 5589
5586 5585
5585 5586
5583 5584
5580 5577
5578 5577
5577 5580
5577 5578
5573 5572
5570 5571
5569 5567
5566 5565
5566 5564
5566 5563
5565 5566
5565 5562
5564 5563
5563 5566
5563 5565
5563 5564
5563 5562
5559 5558
5558 5559
5555 5556
5552 5550
5551 5552
5549 5548
5549 5547
5547 5549
5545 5546
5545 5543
5544 5545
5542 5541
5541 5540
5541 5539
5540 5542
5539 5541
5535 5536
5535 5534
5532 5531
5531 5532
5530 5528
5528 5530
5525 5526
5523 5524
5522 5519
5520 5519
5519 5521
5519 5517
5517 5519
5515 5514
5514 5516
5514 5515
5514 5513
5512 5511
5512 5510
5510 5509
5510 5507
5510 5505
5509 5510
5507 5510
5505 5510
5500 5502
5500 5499
5499 5500
5496 5494
5493 5492
5490 5491
5490 5489
5487 5486
5483 5484
5482 5481
5481 5483
5480 5478
5477 5476
5476 5478
5476 5477
5474 5471
5468 5466
5464 5463
5458 5459
5457 5455
5455 5457
5454 5455
5454 5453
5453 5454
5449 5447
5447 5449
5446 5447
5445 5444
5444 5445
5444 5438
5443 5439
5440 5441
5439 5443
5437 5436
5436 5437
5434 5433
5433 5435
5433 5434
5433 5430
5431 5430
5430 5431
5428 5429
5421 5422
5418 5417
5415 5426
5415 5424
5415 5421
5415 5420
5415 5419
5415 5416
5415 5413
5415 5412
5415 5409
5415 5407
5415 5405
5415 5403
5415 5401
5415 5399
5415 5397
5415 5395
5415 5393
5415 5391
5415 5389
5415 5387
5415 5385
5415 5383
5415 5381
5415 5379
5415 5377
5415 5375
5415 5373
5415 5371
5415 5369
5415 5367
5415 5365
5415 5363
5415 5361
5415 5359
5415 5357
5415 5355
5415 5353
5415 5351
5415 5349
5415 5347
5415 5345
5415 5343
5415 5341
5415 5339
5415 5337
5415 5335
5415 5333
5415 5331
5415 5329
5415 5327
5415 5325
5415 5323
5415 5321
5415 5319
5415 5317
5415 5315
5415 5313
5415 5311
5415 5309
5415 5307
5415 5305
5415 5303
5415 5301
5415 5299
5415 5297
5415 5295
5415 5293
5415 5291
5415 5289
5415 5287
5415 5285
5415 5283
5415 5281
5415 5279
5415 5277
5415 5275
5415 5273
5415 5271
5415 5269
5415 5267
5415 5265
5415 5263
5415 5261
5415 5259
5415 5257
5415 5255
5415 5253
5415 5251
5415 5249
5415 5247
5415 5245
5415 5243
5415 5241
5415 5239
5415 5237
5415 5235
5415 5233
5415 5231
5415 5229
5415 5227
5415 5225
5415 5223
5415 5221
5415 5219
5415 5217
5415 5215
5415 5213
5415 5211
5415 5209
5415 5207
5204 5205
5202 5203
5197 5194
5197 5192
5195 5194
5195 5192
5193 5192
5192 5200
5192 5198
5192 5196
5192 5195
5192 5194
5192 5193
5192 5191
5192 5190
5190 5194
5190 5192
5185 5186
5185 3299
4975 5411
4975 5204
4975 5199
4975 5197
4975 5194
4975 5184
4975 5180
4975 5178
4975 5176
4975 5174
4975 5172
4975 5170
4975 5168
4975 5166
4975 5164
4975 5162
4975 5160
4975 5158
4975 5156
4975 5154
4975 5152
4975 5150
4975 5148
4975 5146
4975 5144
4975 5142
4975 5140
4975 5138
4975 5136
4975 5134
4975 5132
4975 5130
4975 5128
4975 5126
4975 5011
4975 5010
4975 5009
4975 5008
4975 5007
4975 5006
4975 5005
4975 5004
4975 5003
4975 5002
4975 5001
4975 5000
4975 4999
4975 4998
4975 4997
4975 4996
4975 4995
4975 4994
4975 4993
4975 4992
4975 4991
4975 4990
4975 4989
4975 4988
4975 4987
4975 4986
4975 4985
4975 4984
4975 4983
4975 4982
4975 4981
4975 4980
4975 4979
4975 4978
4975 4976
4975 4974
4975 4973
4975 4971
4975 4970
4975 4969
4975 4968
4975 4967
4975 4966
4975 4965
4975 4964
4975 4963
4975 4961
4975 4959
4975 4957
4975 4955
4975 4953
4975 4951
4975 4950
4975 4949
4975 4948
4975 4947
4975 4946
4975 4943
4975 4942
4975 4941
4975 4940
4975 4939
4975 4932
4975 4929
4975 4924
4975 4922
4975 4920
4975 4918
4975 4916
4975 4912
4975 4911
4975 4910
4975 4909
4975 4908
4975 4906
4975 4905
4975 4881
4975 4864
4975 4849
4975 4848
4975 4847
4975 4843
4975 4841
4975 4840
4975 4836
4975 4833
4975 4830
4975 4828
4975 4824
4975 4818
4975 4816
4975 4794
4975 4792
4975 4789
4975 4788
4975 4787
4975 4786
4975 4785
4975 4774
4975 4773
4975 4772
4975 4771
4975 4770
4975 4769
4975 4768
4975 4767
4975 4766
4975 4765
4975 4764
4975 4763
4975 4762
4975 4761
4975 4760
4975 4759
4975 4758
4975 4755
4975 4754
4975 4753
4975 4752
4975 4751
4975 4750
4975 4749
4975 4746
4975 4728
4975 4065
4975 4064
4975 4063
4975 4062
4975 4060
4975 4058
4975 4057
4975 4056
4975 4054
4975 4052
4975 4050
4975 4048
4975 4046
4975 4031
4975 4030
4975 4029
4975 4028
4975 4027
4975 4026
4975 4025
4975 4024
4975 4023
4975 4022
4975 4021
4975 4020
4975 4019
4975 4018
4975 4017
4975 4016
4975 4015
4975 4014
4975 4013
4975 4012
4975 4011
4975 4010
4975 4002
4975 4001
4975 3999
4975 3997
4975 3995
4975 3992
4975 3991
4975 3990
4975 3987
4975 3986
4975 3985
4975 3984
4975 3982
4975 3980
4975 3979
4975 3975
4975 3973
4975 3971
4975 3969
4975 3967
4975 3966
4975 3965
4975 3964
4975 3963
4975 3962
4975 3961
4975 3960
4975 3959
4975 3957
4975 3949
4975 3947
4975 3945
4975 3943
4975 3941
4975 3937
4975 3936
4975 3931
4975 3929
4975 3927
4975 3925
4975 3923
4975 3921
4975 3919
4975 3917
4975 3914
4975 3912
4975 3909
4975 3906
4975 3904
4975 3902
4975 3900
4975 3898
4975 3896
4975 3890
4975 3888
4975 3885
4975 3882
4975 3879
4975 3302
4975 3298
4975 3296
4975 3291
4975 3254
4975 3209
4975 3119
4975 3096
4975 3080
4975 3069
4975 3063
4916 5383
4916 5209
4916 5203
4916 5190
4916 4972
4916 4945
4916 4938
4916 4937
4916 4936
4916 4935
4916 4933
4916 4928
4916 4927
4916 4926
4916 4925
4916 4923
4916 4921
4916 4919
4916 4917
4916 4915
4916 4914
4916 4913
4916 4907
4916 4904
4916 4903
4916 4901
4916 4900
4916 4899
4916 4898
4916 4897
4916 4895
4916 4894
4916 4893
4916 4892
4916 4891
4916 4890
4916 4889
4916 4888
4916 4887
4916 4886
4916 4882
4916 4879
4916 4878
4916 4877
4916 4876
4916 4875
4916 4874
4916 4873
4916 4872
4916 4870
4916 4867
4916 4866
4916 4865
4916 4863
4916 4862
4916 4859
4916 4858
4916 4857
4916 4855
4916 4853
4916 4852
4916 4851
4916 4850
4916 4846
4916 4844
4916 4842
4916 4838
4916 4837
4916 4835
4916 4834
4916 4831
4916 4829
4916 4827
4916 4826
4916 4825
4916 4822
4916 4820
4916 4817
4916 4814
4916 4813
4916 4812
4916 4811
4916 4810
4916 4809
4916 4808
4916 4807
4916 4806
4916 4805
4916 4804
4916 4803
4916 4802
4916 4801
4916 4800
4916 4799
4916 4798
4916 4797
4916 4796
4916 4793
4916 4791
4916 4790
4916 4784
4916 4783
4916 4782
4916 4781
4916 4780
4916 4779
4916 4778
4916 4777
4916 4776
4916 4757
4916 4756
4916 4748
4916 4045
4916 4044
4916 4043
4916 4042
4916 4041
4916 4040
4916 4039
4916 4038
4916 4037
4916 4036
4916 4035
4916 4034
4916 4033
4916 4009
4916 4008
4916 4007
4916 4006
4916 4005
4916 4004
4916 4003
4916 3994
4916 3978
4916 3977
4916 3954
4916 3953
4916 3952
4916 3951
4916 3940
4916 3939
4916 3935
4916 3934
4916 3933
4916 3303
4916 3301
4916 3300
4916 3299
4916 3284
4916 3279
4916 3244
4916 3243
4916 3242
4916 3241
4916 3208
4916 3169
4916 3117
4916 3105
4728 5427
4728 5414
4728 5204
4728 5202
4728 5199
4728 5197
4728 5196
4728 5194
4728 5191
4728 5188
4728 5185
4728 5183
4728 5182
4728 5125
4728 5124
4728 5123
4728 5122
4728 5121
4728 5120
4728 5119
4728 5118
4728 5117
4728 5116
4728 5115
4728 5114
4728 5113
4728 5112
4728 5111
4728 5110
4728 5109
4728 5108
4728 5107
4728 5106
4728 5105
4728 5104
4728 5103
4728 5102
4728 5101
4728 5100
4728 5099
4728 5098
4728 5097
4728 5096
4728 5095
4728 5094
4728 5093
4728 5092
4728 5091
4728 5090
4728 5089
4728 5088
4728 5087
4728 5086
4728 5085
4728 5084
4728 5083
4728 5082
4728 5081
4728 5080
4728 5079
4728 5078
4728 5077
4728 5076
4728 5075
4728 5074
4728 5073
4728 5072
4728 5071
4728 5070
4728 5069
4728 5068
4728 5067
4728 5066
4728 5065
4728 5064
4728 5063
4728 5062
4728 5061
4728 5060
4728 5059
4728 5058
4728 5057
4728 5056
4728 5055
4728 5054
4728 5053
4728 5052
4728 5051
4728 5050
4728 5049
4728 5048
4728 5047
4728 5046
4728 5045
4728 5044
4728 5043
4728 5042
4728 5041
4728 5040
4728 5039
4728 5038
4728 5037
4728 5036
4728 5035
4728 5034
4728 5033
4728 5032
4728 5031
4728 5030
4728 5029
4728 5028
4728 5027
4728 5026
4728 5025
4728 5024
4728 5023
4728 5022
4728 5021
4728 5020
4728 5019
4728 5018
4728 5017
4728 5016
4728 5015
4728 5014
4728 5013
4728 5012
4728 4979
4728 4977
4728 4974
4728 4973
4728 4971
4728 4970
4728 4969
4728 4968
4728 4967
4728 4966
4728 4965
4728 4964
4728 4963
4728 4962
4728 4960
4728 4958
4728 4956
4728 4954
4728 4952
4728 4951
4728 4950
4728 4949
4728 4948
4728 4947
4728 4943
4728 4942
4728 4941
4728 4940
4728 4939
4728 4934
4728 4932
4728 4931
4728 4929
4728 4924
4728 4922
4728 4920
4728 4918
4728 4912
4728 4911
4728 4910
4728 4909
4728 4908
4728 4906
4728 4905
4728 4902
4728 4896
4728 4885
4728 4884
4728 4883
4728 4881
4728 4880
4728 4871
4728 4869
4728 4868
4728 4864
4728 4861
4728 4860
4728 4856
4728 4854
4728 4849
4728 4848
4728 4847
4728 4845
4728 4843
4728 4841
4728 4840
4728 4839
4728 4836
4728 4833
4728 4832
4728 4830
4728 4828
4728 4824
4728 4818
4728 4795
4728 4789
4728 4788
4728 4787
4728 4786
4728 4785
4728 4775
4728 4774
4728 4773
4728 4772
4728 4771
4728 4770
4728 4769
4728 4768
4728 4767
4728 4766
4728 4765
4728 4764
4728 4763
4728 4762
4728 4761
4728 4760
4728 4759
4728 4758
4728 4755
4728 4754
4728 4753
4728 4752
4728 4751
4728 4750
4728 4749
4728 4747
4728 4746
4728 4745
4728 4743
4728 4741
4728 4739
4728 4738
4728 4737
4728 4735
4728 4733
4728 4731
4728 4730
4728 4721
4728 4718
4728 4717
4728 4715
4728 4713
4728 4711
4728 4709
4728 4707
4728 4705
4728 4703
4728 4701
4728 4699
4728 4697
4728 4695
4728 4693
4728 4691
4728 4689
4728 4687
4728 4685
4728 4683
4728 4681
4728 4679
4728 4677
4728 4675
4728 4673
4728 4671
4728 4669
4728 4667
4728 4665
4728 4663
4728 4661
4728 4659
4728 4657
4728 4655
4728 4653
4728 4651
4728 4649
4728 4647
4728 4645
4728 4643
4728 4641
4728 4639
4728 4637
4728 4635
4728 4633
4728 4631
4728 4629
4728 4627
4728 4625
4728 4623
4728 4621
4728 4619
4728 4617
4728 4615
4728 4613
4728 4611
4728 4609
4728 4607
4728 4605
4728 4603
4728 4601
4728 4599
4728 4597
4728 4595
4728 4593
4728 4591
4728 4589
4728 4587
4728 4585
4728 4583
4728 4581
4728 4579
4728 4577
4728 4574
4728 4572
4728 4570
4728 4568
4728 4566
4728 4564
4728 4562
4728 4560
4728 4558
4728 4556
4728 4554
4728 4552
4728 4550
4728 4548
4728 4546
4728 4544
4728 4542
4728 4540
4728 4538
4728 4536
4728 4534
4728 4532
4728 4530
4728 4528
4728 4526
4728 4524
4728 4522
4728 4520
4728 4518
4728 4516
4728 4514
4728 4512
4728 4510
4728 4508
4728 4506
4728 4504
4728 4502
4728 4500
4728 4498
4728 4496
4728 4494
4728 4492
4728 4490
4728 4488
4728 4486
4728 4484
4728 4482
4728 4480
4728 4478
4728 4476
4728 4474
4728 4472
4728 4470
4728 4468
4728 4466
4728 4464
4728 4462
4728 4460
4728 4458
4728 4456
4728 4454
4728 4452
4728 4450
4728 4448
4728 4446
4728 4444
4728 4442
4728 4440
4728 4438
4728 4436
4728 4434
4728 4432
4728 4430
4728 4428
4728 4426
4728 4424
4728 4422
4728 4420
4728 4418
4728 4416
4728 4414
4728 4412
4728 4410
4728 4408
4728 4406
4728 4404
4728 4402
4728 4400
4728 4398
4728 4396
4728 4394
4728 4392
4728 4390
4728 4388
4728 4386
4728 4384
4728 4382
4728 4380
4728 4378
4728 4376
4728 4374
4728 4372
4728 4370
4728 4368
4728 4366
4728 4364
4728 4362
4728 4360
4728 4358
4728 4356
4728 4354
4728 4352
4728 4350
4728 4348
4728 4346
4728 4344
4728 4342
4728 4340
4728 4338
4728 4336
4728 4334
4728 4332
4728 4330
4728 4328
4728 4326
4728 4324
4728 4322
4728 4320
4728 4318
4728 4316
4728 4314
4728 4312
4728 4310
4728 4308
4728 4306
4728 4304
4728 4301
4728 4299
4728 4297
4728 4295
4728 4293
4728 4291
4728 4289
4728 4287
4728 4285
4728 4283
4728 4281
4728 4279
4728 4277
4728 4275
4728 4273
4728 4271
4728 4269
4728 4267
4728 4265
4728 4263
4728 4261
4728 4259
4728 4257
4728 4255
4728 4253
4728 4251
4728 4249
4728 4247
4728 4245
4728 4243
4728 4241
4728 4239
4728 4237
4728 4235
4728 4233
4728 4231
4728 4229
4728 4227
4728 4225
4728 4223
4728 4221
4728 4219
4728 4217
4728 4215
4728 4213
4728 4211
4728 4209
4728 4207
4728 4205
4728 4203
4728 4201
4728 4199
4728 4197
4728 4195
4728 4193
4728 4191
4728 4189
4728 4187
4728 4185
4728 4183
4728 4181
4728 4179
4728 4177
4728 4175
4728 4173
4728 4171
4728 4169
4728 4167
4728 4165
4728 4163
4728 4161
4728 4159
4728 4157
4728 4155
4728 4153
4728 4151
4728 4149
4728 4147
4728 4145
4728 4143
4728 4141
4728 4139
4728 4137
4728 4135
4728 4133
4728 4131
4728 4129
4728 4127
4728 4125
4728 4123
4728 4121
4728 4119
4728 4117
4728 4115
4728 4113
4728 4111
4728 4109
4728 4107
4728 4105
4728 4103
4728 4101
4728 4099
4728 4097
4728 4095
4728 4093
4728 4091
4728 4089
4728 4087
4728 4085
4728 4083
4728 4081
4728 4079
4728 4077
4728 4075
4728 4073
4728 4071
4728 4069
4728 4067
4728 4065
4728 4064
4728 4063
4728 4061
4728 4059
4728 4058
4728 4057
4728 4055
4728 4053
4728 4051
4728 4049
4728 4047
4728 4032
4728 4031
4728 4030
4728 4029
4728 4028
4728 4027
4728 4026
4728 4025
4728 4024
4728 4023
4728 4022
4728 4021
4728 4020
4728 4019
4728 4018
4728 4017
4728 4016
4728 4015
4728 4014
4728 4012
4728 4011
4728 4010
4728 4000
4728 3998
4728 3996
4728 3995
4728 3993
4728 3992
4728 3991
4728 3990
4728 3988
4728 3987
4728 3985
4728 3983
4728 3981
4728 3980
4728 3976
4728 3974
4728 3972
4728 3970
4728 3968
4728 3967
4728 3966
4728 3965
4728 3964
4728 3963
4728 3962
4728 3961
4728 3960
4728 3958
4728 3950
4728 3948
4728 3946
4728 3944
4728 3942
4728 3938
4728 3937
4728 3932
4728 3930
4728 3928
4728 3926
4728 3924
4728 3922
4728 3920
4728 3918
4728 3916
4728 3915
4728 3913
4728 3911
4728 3910
4728 3907
4728 3905
4728 3903
4728 3901
4728 3899
4728 3897
4728 3893
4728 3892
4728 3891
4728 3889
4728 3887
4728 3886
4728 3883
4728 3881
4728 3880
4728 3870
4728 3868
4728 3866
4728 3864
4728 3862
4728 3860
4728 3858
4728 3856
4728 3854
4728 3852
4728 3850
4728 3848
4728 3846
4728 3844
4728 3842
4728 3840
4728 3838
4728 3836
4728 3834
4728 3832
4728 3830
4728 3828
4728 3826
4728 3824
4728 3822
4728 3820
4728 3818
4728 3816
4728 3814
4728 3812
4728 3810
4728 3808
4728 3806
4728 3804
4728 3802
4728 3800
4728 3798
4728 3796
4728 3794
4728 3792
4728 3790
4728 3788
4728 3786
4728 3784
4728 3782
4728 3780
4728 3778
4728 3776
4728 3774
4728 3772
4728 3770
4728 3768
4728 3766
4728 3764
4728 3762
4728 3760
4728 3758
4728 3756
4728 3754
4728 3752
4728 3750
4728 3748
4728 3746
4728 3744
4728 3742
4728 3740
4728 3738
4728 3736
4728 3734
4728 3732
4728 3730
4728 3728
4728 3726
4728 3724
4728 3722
4728 3720
4728 3718
4728 3716
4728 3714
4728 3712
4728 3710
4728 3708
4728 3706
4728 3704
4728 3702
4728 3700
4728 3698
4728 3696
4728 3694
4728 3692
4728 3690
4728 3688
4728 3686
4728 3684
4728 3682
4728 3680
4728 3678
4728 3676
4728 3674
4728 3672
4728 3670
4728 3668
4728 3666
4728 3664
4728 3662
4728 3660
4728 3658
4728 3656
4728 3654
4728 3652
4728 3650
4728 3648
4728 3646
4728 3644
4728 3642
4728 3640
4728 3638
4728 3636
4728 3634
4728 3632
4728 3630
4728 3628
4728 3626
4728 3624
4728 3622
4728 3620
4728 3618
4728 3616
4728 3614
4728 3612
4728 3610
4728 3608
4728 3606
4728 3604
4728 3602
4728 3600
4728 3598
4728 3596
4728 3594
4728 3592
4728 3590
4728 3588
4728 3586
4728 3584
4728 3582
4728 3580
4728 3578
4728 3576
4728 3574
4728 3572
4728 3570
4728 3568
4728 3566
4728 3564
4728 3562
4728 3560
4728 3558
4728 3556
4728 3554
4728 3552
4728 3550
4728 3548
4728 3546
4728 3544
4728 3542
4728 3540
4728 3538
4728 3536
4728 3534
4728 3532
4728 3530
4728 3528
4728 3526
4728 3524
4728 3522
4728 3520
4728 3518
4728 3516
4728 3514
4728 3512
4728 3510
4728 3508
4728 3506
4728 3504
4728 3502
4728 3500
4728 3498
4728 3496
4728 3494
4728 3492
4728 3490
4728 3488
4728 3486
4728 3484
4728 3482
4728 3480
4728 3478
4728 3476
4728 3474
4728 3472
4728 3470
4728 3468
4728 3466
4728 3464
4728 3462
4728 3460
4728 3458
4728 3456
4728 3454
4728 3452
4728 3450
4728 3448
4728 3446
4728 3444
4728 3442
4728 3440
4728 3438
4728 3436
4728 3434
4728 3432
4728 3430
4728 3428
4728 3426
4728 3424
4728 3422
4728 3420
4728 3418
4728 3416
4728 3414
4728 3412
4728 3410
4728 3408
4728 3406
4728 3404
4728 3402
4728 3400
4728 3398
4728 3396
4728 3394
4728 3392
4728 3390
4728 3388
4728 3386
4728 3384
4728 3382
4728 3380
4728 3378
4728 3376
4728 3374
4728 3372
4728 3370
4728 3368
4728 3366
4728 3364
4728 3362
4728 3360
4728 3358
4728 3356
4728 3354
4728 3352
4728 3350
4728 3348
4728 3346
4728 3344
4728 3342
4728 3340
4728 3338
4728 3336
4728 3334
4728 3332
4728 3330
4728 3328
4728 3326
4728 3324
4728 3322
4728 3320
4728 3318
4728 3316
4728 3314
4728 3312
4728 3310
4728 3308
4728 3306
4728 3304
4728 3302
4728 3296
4728 3288
4728 3287
4728 3283
4728 3282
4728 3280
4728 3278
4728 3277
4728 3275
4728 3273
4728 3271
4728 3269
4728 3267
4728 3265
4728 3263
4728 3261
4728 3259
4728 3257
4728 3252
4728 3251
4728 3249
4728 3247
4728 3245
4728 3240
4728 3238
4728 3236
4728 3234
4728 3232
4728 3230
4728 3228
4728 3226
4728 3224
4728 3222
4728 3220
4728 3218
4728 3216
4728 3215
4728 3213
4728 3211
4728 3207
4728 3203
4728 3201
4728 3199
4728 3194
4728 3192
4728 3190
4728 3188
4728 3186
4728 3184
4728 3182
4728 3180
4728 3178
4728 3176
4728 3166
4728 3164
4728 3163
4728 3159
4728 3157
4728 3155
4728 3153
4728 3151
4728 3149
4728 3147
4728 3145
4728 3143
4728 3141
4728 3139
4728 3137
4728 3135
4728 3133
4728 3131
4728 3129
4728 3128
4728 3125
4728 3123
4728 3121
4728 3114
4728 3113
4728 3111
4728 3109
4728 3107
4728 3102
4728 3100
4728 3098
4728 3094
4728 3092
4728 3090
4728 3088
4728 3086
4728 3084
4728 3082
4728 3079
4728 3077
4728 3075
4728 3072
4728 3061
3989 5383
3989 5209
3989 5190
3989 4978
3989 4976
3989 4961
3989 4959
3989 4957
3989 4955
3989 4953
3989 4946
3989 4945
3989 4938
3989 4937
3989 4936
3989 4935
3989 4933
3989 4928
3989 4927
3989 4926
3989 4916
3989 4915
3989 4914
3989 4913
3989 4904
3989 4903
3989 4901
3989 4900
3989 4899
3989 4898
3989 4897
3989 4895
3989 4894
3989 4893
3989 4892
3989 4891
3989 4890
3989 4889
3989 4888
3989 4887
3989 4886
3989 4879
3989 4878
3989 4877
3989 4876
3989 4875
3989 4874
3989 4873
3989 4872
3989 4870
3989 4867
3989 4866
3989 4863
3989 4862
3989 4859
3989 4858
3989 4857
3989 4855
3989 4853
3989 4852
3989 4846
3989 4816
3989 4815
3989 4814
3989 4813
3989 4812
3989 4811
3989 4810
3989 4809
3989 4808
3989 4807
3989 4806
3989 4805
3989 4804
3989 4803
3989 4802
3989 4801
3989 4800
3989 4799
3989 4798
3989 4797
3989 4796
3989 4794
3989 4792
3989 4791
3989 4790
3989 4784
3989 4783
3989 4782
3989 4781
3989 4780
3989 4779
3989 4778
3989 4777
3989 4776
3989 4757
3989 4748
3989 4062
3989 4060
3989 4056
3989 4054
3989 4052
3989 4050
3989 4048
3989 4046
3989 4045
3989 4044
3989 4043
3989 4042
3989 4041
3989 4040
3989 4039
3989 4038
3989 4037
3989 4036
3989 4035
3989 4034
3989 4033
3989 4013
3989 4009
3989 4008
3989 4007
3989 4006
3989 4005
3989 4004
3989 4003
3989 4002
3989 3999
3989 3997
3989 3994
3989 3986
3989 3984
3989 3982
3989 3979
3989 3978
3989 3977
3989 3975
3989 3973
3989 3971
3989 3969
3989 3959
3989 3957
3989 3956
3989 3955
3989 3954
3989 3953
3989 3952
3989 3951
3989 3949
3989 3947
3989 3945
3989 3943
3989 3941
3989 3940
3989 3939
3989 3936
3989 3935
3989 3934
3989 3933
3989 3931
3989 3929
3989 3927
3989 3925
3989 3923
3989 3921
3989 3919
3989 3917
3989 3914
3989 3912
3989 3909
3989 3908
3989 3906
3989 3904
3989 3902
3989 3900
3989 3898
3989 3896
3989 3895
3989 3894
3989 3890
3989 3888
3989 3885
3989 3884
3989 3882
3989 3879
3989 3878
3989 3877
3989 3876
3989 3874
3989 3872
3989 3303
3989 3301
3989 3300
3989 3299
3989 3298
3989 3291
3989 3284
3989 3244
3989 3243
3989 3242
3989 3209
3989 3208
3989 3169
3989 3119
3989 3117
3989 3103
3989 3069
3989 3064
3989 3063
3989 3060
3302 3299
3300 3299
3297 3299
3294 3295
3291 3292
3284 3299
3284 3286
3278 3279
3255 3254
3250 3251
3243 3242
3216 3217
3204 3205
3197 3196
3196 3197
3173 3174
3171 3172
3169 3170
3169 3168
3160 3161
3128 3127
3117 3117
3106 3105
3097 3096
3075 3073
3066 3067
3066 3065
3064 3067
3063 3062
3060 3061
3057 3056
3055 3054
3054 3039
3053 3052
3052 3053
3050 3046
3048 3050
3046 3045
3043 3041
3042 3044
3042 3037
3041 3043
3041 3039
3040 3038
3040 3037
3039 3042
3039 3041
3038 3040
3038 3037
3037 3041
3037 3039
3037 3038
3035 3033
3035 3032
3034 3035
3032 3036
3032 3035
3032 3030
3032 3029
3031 3033
3031 3032
3030 3031
3029 3032
3029 3027
3027 3029
3027 3028
3025 3026
3025 3023
3023 3024
3022 3021
3016 3014
3015 3016
3014 3015
3013 3016
3011 3012
3010 3009
3009 3010
3007 3008
3003 3008
3003 3004
3003 3001
3000 2998
2997 2996
2995 2993
2993 2995
2992 2991
2991 2988
2988 2991
2988 2987
2987 2983
2985 2983
2983 2986
2983 2982
2983 2981
2982 2983
2981 2980
2978 2977
2977 2980
2977 2978
2977 2946
2975 2976
2973 2974
2973 2972
2972 2937
2972 2934
2970 2967
2968 2967
2965 2967
2963 2967
2961 2967
2959 2967
2956 2953
2954 2953
2951 2936
2950 2967
2950 2937
2950 2933
2948 2941
2948 2934
2947 2943
2943 2939
2943 2938
2941 2953
2941 2948
2941 2942
2941 2940
2941 2938
2941 2937
2941 2932
2941 2930
2941 2929
2941 2928
2940 2946
2940 2939
2939 2941
2939 2938
2939 2936
2939 2934
2939 2933
2939 2929
2938 2931
2938 2930
2937 2942
2937 2941
2937 2936
2937 2935
2937 2934
2937 2933
2937 2929
2936 2950
2936 2939
2936 2938
2936 2937
2935 2934
2934 2938
2934 2936
2934 2935
2934 2933
2933 2950
2933 2943
2933 2939
2933 2937
2933 2929
2932 2936
2931 2938
2931 2934
2930 2945
2930 2944
2930 2942
2930 2941
2930 2937
2930 2933
2930 2931
2929 2940
2929 2939
2929 2938
2929 2928
2928 2941
2928 2930
2925 2924
2921 2883
2920 2857
2919 2905
2918 2904
2918 2882
2916 2917
2916 2903
2916 2902
2915 2911
2914 2901
2914 2881
2914 2874
2913 2899
2913 2896
2913 2885
2913 2880
2912 2906
2912 2904
2912 2902
2912 2898
2912 2893
2912 2891
2912 2888
2912 2887
2912 2884
2911 2901
2911 2896
2911 2892
2911 2882
2911 2868
2911 2867
2910 2904
2910 2897
2910 2888
2910 2885
2910 2880
2910 2879
2910 2876
2910 2874
2910 2864
2909 2910
2909 2907
2909 2901
2909 2900
2909 2899
2909 2898
2909 2896
2909 2892
2909 2883
2909 2882
2909 2875
2908 2912
2908 2905
2908 2903
2908 2895
2908 2894
2908 2891
2908 2890
2908 2888
2908 2887
2908 2885
2908 2881
2908 2877
2908 2868
2908 2863
2908 2817
2907 2908
2907 2904
2907 2901
2907 2898
2907 2896
2907 2892
2907 2889
2907 2882
2907 2875
2907 2874
2907 2869
2907 2862
2907 2819
2906 2907
2906 2903
2906 2902
2906 2900
2906 2899
2906 2897
2906 2893
2906 2888
2906 2887
2906 2886
2906 2880
2906 2879
2906 2878
2906 2877
2906 2870
2906 2861
2905 2919
2905 2909
2905 2908
2905 2904
2905 2898
2905 2896
2905 2895
2905 2894
2905 2891
2905 2885
2905 2884
2905 2883
2905 2881
2905 2868
2905 2862
2904 2916
2904 2912
2904 2911
2904 2907
2904 2906
2904 2905
2904 2903
2904 2901
2904 2899
2904 2897
2904 2892
2904 2888
2904 2887
2904 2886
2904 2882
2904 2880
2904 2877
2904 2874
2904 2872
2904 2871
2904 2863
2904 2856
2904 2854
2904 2852
2904 2822
2904 2819
2903 2908
2903 2896
2903 2895
2903 2894
2903 2893
2903 2891
2903 2889
2903 2885
2903 2883
2903 2881
2903 2876
2903 2870
2903 2868
2903 2864
2903 2862
2902 2904
2902 2901
2902 2900
2902 2898
2902 2892
2902 2887
2902 2882
2902 2877
2902 2875
2902 2869
2902 2865
2902 2857
2902 2856
2901 2915
2901 2914
2901 2912
2901 2910
2901 2909
2901 2908
2901 2907
2901 2905
2901 2899
2901 2897
2901 2896
2901 2895
2901 2890
2901 2888
2901 2886
2901 2884
2901 2881
2901 2879
2901 2874
2901 2870
2901 2860
2901 2859
2901 2858
2901 2855
2900 2904
2900 2903
2900 2902
2900 2898
2900 2891
2900 2885
2900 2880
2900 2871
2900 2868
2899 2913
2899 2911
2899 2910
2899 2909
2899 2908
2899 2906
2899 2901
2899 2900
2899 2897
2899 2896
2899 2895
2899 2893
2899 2892
2899 2890
2899 2889
2899 2888
2899 2887
2899 2882
2899 2881
2899 2879
2899 2878
2899 2877
2899 2875
2899 2872
2899 2869
2899 2867
2899 2866
2899 2865
2899 2858
2899 2854
2898 2912
2898 2905
2898 2904
2898 2902
2898 2899
2898 2894
2898 2891
2898 2886
2898 2885
2898 2884
2898 2883
2898 2880
2898 2876
2898 2871
2898 2870
2898 2868
2898 2861
2898 2852
2898 2822
2897 2911
2897 2908
2897 2906
2897 2903
2897 2901
2897 2900
2897 2898
2897 2896
2897 2895
2897 2893
2897 2892
2897 2890
2897 2889
2897 2888
2897 2887
2897 2882
2897 2881
2897 2879
2897 2877
2897 2874
2897 2873
2897 2872
2897 2869
2897 2867
2897 2866
2897 2865
2897 2864
2897 2863
2897 2862
2897 2860
2897 2859
2897 2858
2897 2856
2896 2913
2896 2910
2896 2909
2896 2907
2896 2905
2896 2904
2896 2902
2896 2897
2896 2891
2896 2885
2896 2884
2896 2880
2896 2878
2896 2876
2896 2875
2896 2870
2896 2868
2896 2861
2896 2854
2895 2923
2895 2908
2895 2906
2895 2903
2895 2901
2895 2900
2895 2899
2895 2898
2895 2894
2895 2893
2895 2892
2895 2890
2895 2889
2895 2888
2895 2887
2895 2883
2895 2882
2895 2881
2895 2879
2895 2877
2895 2874
2895 2872
2895 2866
2895 2858
2895 2856
2894 2917
2894 2904
2894 2902
2894 2897
2894 2896
2894 2895
2894 2891
2894 2886
2894 2885
2894 2870
2894 2868
2894 2859
2894 2857
2894 2853
2893 2892
2893 2887
2893 2882
2893 2877
2893 2869
2893 2867
2893 2866
2893 2860
2892 2911
2892 2908
2892 2905
2892 2904
2892 2903
2892 2900
2892 2898
2892 2893
2892 2890
2892 2889
2892 2885
2892 2880
2892 2879
2892 2875
2892 2873
2892 2871
2892 2868
2892 2864
2892 2863
2892 2845
2892 2843
2892 2839
2892 2838
2892 2833
2892 2823
2892 2820
2892 2816
2892 2815
2892 2808
2892 2806
2891 2914
2891 2912
2891 2910
2891 2907
2891 2906
2891 2902
2891 2901
2891 2899
2891 2897
2891 2896
2891 2895
2891 2894
2891 2888
2891 2887
2891 2886
2891 2884
2891 2883
2891 2882
2891 2881
2891 2878
2891 2877
2891 2876
2891 2874
2891 2872
2891 2870
2891 2869
2891 2866
2891 2865
2891 2860
2891 2859
2891 2857
2891 2855
2891 2854
2891 2852
2891 2822
2890 2909
2890 2908
2890 2900
2890 2898
2890 2892
2890 2889
2890 2885
2890 2880
2890 2879
2890 2871
2890 2868
2890 2867
2890 2861
2889 2903
2889 2901
2889 2899
2889 2897
2889 2896
2889 2895
2889 2893
2889 2891
2889 2890
2889 2888
2889 2887
2889 2884
2889 2860
2889 2859
2888 2913
2888 2911
2888 2908
2888 2907
2888 2906
2888 2905
2888 2904
2888 2898
2888 2894
2888 2892
2888 2885
2888 2883
2888 2882
2888 2881
2888 2879
2888 2878
2888 2876
2888 2875
2888 2867
2888 2865
2888 2864
2888 2862
2888 2856
2888 2822
2887 2912
2887 2903
2887 2901
2887 2899
2887 2897
2887 2896
2887 2895
2887 2890
2887 2889
2887 2886
2887 2880
2887 2877
2887 2874
2887 2873
2887 2871
2887 2870
2887 2866
2887 2863
2887 2859
2887 2852
2886 2905
2886 2904
2886 2898
2886 2894
2886 2892
2886 2887
2886 2885
2886 2884
2886 2853
2885 2915
2885 2910
2885 2908
2885 2907
2885 2902
2885 2893
2885 2891
2885 2888
2885 2882
2885 2881
2885 2879
2885 2877
2885 2876
2885 2868
2885 2867
2885 2864
2885 2837
2885 2835
2885 2819
2885 2817
2885 2814
2885 2813
2884 2912
2884 2909
2884 2905
2884 2904
2884 2903
2884 2900
2884 2899
2884 2898
2884 2897
2884 2896
2884 2895
2884 2894
2884 2892
2884 2890
2884 2889
2884 2887
2884 2886
2884 2883
2884 2880
2884 2878
2884 2870
2884 2869
2884 2863
2884 2862
2884 2861
2884 2857
2884 2854
2884 2822
2883 2921
2883 2914
2883 2908
2883 2902
2883 2893
2883 2891
2883 2888
2883 2884
2883 2881
2883 2879
2883 2877
2883 2876
2883 2852
2883 2831
2883 2825
2883 2821
2883 2816
2883 2815
2882 2911
2882 2910
2882 2909
2882 2907
2882 2905
2882 2903
2882 2900
2882 2898
2882 2897
2882 2896
2882 2895
2882 2892
2882 2890
2882 2886
2882 2885
2882 2880
2882 2878
2882 2875
2882 2874
2882 2872
2882 2868
2882 2865
2882 2864
2882 2860
2882 2839
2882 2838
2882 2837
2882 2811
2881 2914
2881 2908
2881 2906
2881 2904
2881 2902
2881 2901
2881 2899
2881 2893
2881 2891
2881 2889
2881 2888
2881 2887
2881 2884
2881 2882
2881 2879
2881 2877
2881 2876
2881 2871
2881 2867
2881 2863
2880 2913
2880 2912
2880 2905
2880 2900
2880 2898
2880 2897
2880 2896
2880 2895
2880 2892
2880 2885
2880 2883
2880 2881
2880 2873
2880 2865
2879 2910
2879 2908
2879 2906
2879 2903
2879 2902
2879 2901
2879 2894
2879 2891
2879 2890
2879 2888
2879 2887
2879 2884
2879 2882
2879 2880
2879 2878
2879 2877
2879 2876
2879 2869
2879 2868
2879 2867
2879 2854
2878 2897
2878 2896
2878 2895
2878 2883
2878 2879
2878 2871
2878 2861
2877 2908
2877 2907
2877 2906
2877 2904
2877 2901
2877 2899
2877 2898
2877 2893
2877 2892
2877 2891
2877 2888
2877 2887
2877 2886
2877 2885
2877 2884
2877 2882
2877 2881
2877 2880
2877 2876
2877 2875
2877 2874
2877 2872
2877 2870
2877 2867
2877 2866
2877 2864
2877 2862
2876 2911
2876 2910
2876 2903
2876 2896
2876 2869
2876 2868
2876 2857
2875 2917
2875 2902
2875 2901
2875 2897
2875 2895
2875 2892
2875 2891
2875 2888
2875 2884
2875 2882
2875 2880
2875 2877
2875 2873
2875 2872
2875 2867
2874 2908
2874 2907
2874 2905
2874 2904
2874 2903
2874 2898
2874 2896
2874 2893
2874 2886
2874 2885
2874 2878
2874 2869
2874 2868
2874 2862
2874 2842
2874 2813
2873 2902
2873 2895
2873 2894
2873 2892
2873 2891
2873 2887
2873 2882
2873 2881
2873 2880
2873 2879
2873 2877
2873 2853
2872 2906
2872 2904
2872 2901
2872 2899
2872 2898
2872 2897
2872 2896
2872 2888
2872 2876
2871 2912
2871 2910
2871 2908
2871 2903
2871 2902
2871 2900
2871 2893
2871 2892
2871 2891
2871 2890
2871 2889
2871 2884
2871 2883
2871 2882
2871 2872
2871 2868
2871 2854
2870 2906
2870 2904
2870 2901
2870 2898
2870 2897
2870 2896
2870 2895
2870 2894
2870 2888
2870 2887
2870 2885
2870 2877
2870 2871
2870 2822
2869 2907
2869 2902
2869 2899
2869 2893
2869 2892
2869 2891
2869 2886
2869 2879
2869 2875
2869 2874
2869 2873
2869 2864
2869 2817
2868 2911
2868 2905
2868 2903
2868 2900
2868 2898
2868 2897
2868 2896
2868 2885
2868 2884
2868 2882
2868 2880
2868 2878
2868 2876
2868 2866
2868 2865
2868 2861
2868 2860
2868 2821
2868 2820
2868 2819
2868 2811
2867 2908
2867 2904
2867 2901
2867 2899
2867 2893
2867 2892
2867 2891
2867 2890
2867 2888
2867 2879
2867 2877
2867 2875
2867 2874
2866 2902
2866 2898
2866 2897
2866 2896
2866 2895
2866 2886
2866 2870
2865 2906
2865 2893
2865 2892
2865 2891
2865 2889
2865 2882
2865 2881
2865 2880
2865 2868
2865 2856
2865 2854
2865 2822
2864 2915
2864 2910
2864 2897
2864 2896
2864 2887
2864 2885
2864 2878
2864 2877
2864 2869
2864 2867
2864 2857
2863 2907
2863 2888
2863 2882
2862 2904
2862 2903
2862 2901
2862 2897
2862 2892
2862 2885
2862 2875
2862 2863
2861 2905
2861 2898
2861 2896
2861 2890
2861 2880
2861 2864
2861 2860
2861 2859
2860 2901
2860 2897
2860 2889
2860 2887
2860 2878
2860 2868
2860 2861
2860 2856
2859 2898
2859 2896
2859 2894
2859 2893
2859 2892
2859 2891
2859 2890
2859 2888
2859 2886
2859 2867
2859 2858
2858 2916
2858 2901
2858 2900
2858 2897
2858 2895
2858 2861
2858 2860
2858 2859
2857 2906
2857 2902
2857 2896
2857 2894
2857 2893
2857 2884
2857 2882
2857 2876
2856 2908
2856 2904
2856 2899
2856 2889
2856 2888
2856 2883
2856 2875
2856 2862
2856 2855
2855 2902
2855 2897
2855 2896
2855 2892
2855 2891
2855 2886
2855 2856
2854 2903
2854 2874
2854 2871
2854 2868
2854 2838
2853 2909
2853 2901
2853 2898
2853 2896
2853 2894
2853 2893
2853 2891
2853 2887
2853 2882
2853 2877
2853 2873
2853 2851
2852 2907
2852 2902
2852 2899
2852 2897
2852 2892
2852 2888
2852 2886
2852 2885
2852 2884
2852 2879
2852 2876
2852 2839
2852 2837
2852 2833
2852 2832
2852 2830
2852 2820
2851 2853
2850 2817
2848 2838
2847 2841
2845 2816
2844 2837
2844 2821
2843 2820
2843 2815
2842 2835
2842 2811
2841 2885
2841 2868
2841 2847
2841 2828
2841 2825
2841 2823
2841 2809
2840 2852
2840 2831
2840 2821
2839 2892
2839 2842
2839 2837
2839 2835
2839 2834
2839 2829
2839 2828
2839 2827
2839 2822
2839 2817
2839 2810
2839 2806
2838 2885
2838 2882
2838 2868
2838 2852
2838 2839
2838 2831
2838 2830
2838 2821
2838 2820
2838 2819
2838 2816
2838 2815
2837 2892
2837 2883
2837 2869
2837 2840
2837 2838
2837 2835
2837 2834
2837 2833
2837 2832
2837 2829
2837 2828
2837 2827
2837 2825
2837 2822
2837 2817
2837 2809
2837 2808
2837 2801
2836 2885
2836 2852
2836 2839
2836 2837
2836 2831
2836 2830
2836 2821
2836 2820
2836 2816
2836 2815
2836 2804
2835 2892
2835 2840
2835 2838
2835 2833
2835 2829
2835 2828
2835 2827
2835 2825
2835 2817
2834 2839
2834 2837
2834 2835
2834 2831
2834 2822
2833 2852
2833 2829
2833 2828
2833 2827
2833 2821
2833 2816
2833 2815
2832 2892
2832 2841
2832 2837
2832 2834
2832 2831
2832 2830
2832 2802
2831 2839
2831 2835
2831 2827
2830 2885
2830 2882
2830 2852
2830 2838
2830 2837
2830 2833
2830 2832
2830 2829
2830 2828
2830 2822
2830 2821
2830 2817
2830 2815
2830 2799
2829 2839
2829 2834
2829 2831
2829 2830
2829 2827
2828 2838
2828 2837
2828 2835
2828 2833
2828 2832
2828 2823
2828 2809
2827 2839
2827 2830
2827 2822
2826 2892
2826 2874
2826 2852
2826 2849
2826 2842
2826 2841
2826 2838
2826 2837
2826 2834
2826 2832
2826 2831
2826 2829
2826 2828
2826 2827
2826 2825
2826 2814
2826 2811
2826 2805
2826 2803
2825 2885
2825 2839
2825 2835
2825 2823
2824 2830
2824 2821
2824 2815
2823 2892
2823 2868
2823 2841
2823 2840
2823 2820
2823 2813
2823 2809
2823 2808
2822 2904
2822 2898
2822 2891
2822 2854
2822 2837
2822 2831
2822 2828
2822 2827
2822 2821
2822 2816
2822 2815
2821 2892
2821 2885
2821 2883
2821 2882
2821 2868
2821 2852
2821 2839
2821 2838
2821 2832
2821 2822
2821 2820
2821 2817
2821 2813
2821 2810
2820 2854
2820 2843
2820 2837
2820 2819
2820 2811
2819 2892
2819 2885
2819 2868
2819 2863
2819 2838
2819 2816
2819 2815
2819 2814
2818 2882
2818 2839
2818 2835
2818 2832
2818 2830
2818 2825
2818 2823
2818 2822
2818 2821
2818 2820
2818 2811
2818 2810
2817 2908
2817 2892
2817 2885
2817 2857
2817 2838
2817 2837
2817 2833
2817 2819
2817 2816
2817 2813
2816 2839
2816 2835
2816 2822
2816 2808
2816 2806
2815 2892
2815 2885
2815 2838
2815 2821
2815 2819
2815 2817
2815 2814
2815 2813
2815 2811
2814 2839
2814 2815
2813 2892
2813 2885
2813 2874
2813 2823
2813 2822
2813 2821
2813 2820
2813 2817
2813 2816
2813 2801
2812 2882
2812 2868
2812 2842
2812 2837
2812 2832
2812 2819
2811 2885
2811 2874
2811 2854
2811 2838
2811 2822
2811 2820
2811 2816
2811 2815
2810 2868
2810 2839
2810 2821
2809 2841
2809 2831
2809 2823
2809 2808
2808 2892
2808 2882
2808 2837
2808 2817
2807 2816
2806 2892
2806 2885
2806 2815
2806 2805
2805 2821
2805 2806
2804 2837
2801 2837
2801 2813
2796 2795
2795 2796
2795 2794
2791 2792
2790 2789
2787 2789
2787 2786
2778 2779
2776 2777
2771 2773
2769 2770
2767 2768
2763 2767
2763 2762
2762 2766
2762 2765
2762 2764
2762 2759
2761 2760
2756 2755
2754 2749
2752 2753
2751 2749
2748 2746
2746 2748
2744 2745
2742 2744
2739 2737
2737 2739
2735 2733
2734 2735
2731 2733
2729 2727
2727 2733
2727 2729
2726 2727
2722 2723
2722 2721
2722 2720
2721 2722
2719 2718
2712 2713
2711 2712
2711 2709
2709 2708
2708 2709
2707 2706
2706 2704
2706 2702
2706 2701
2704 2706
2700 2706
2699 2698
2698 2699
2698 2697
2696 2693
2695 2692
2694 2693
2693 2695
2693 2694
2693 2692
2690 2695
2690 2691
2690 2689
2689 2692
2687 2686
2686 2687
2685 2684
2683 2674
2679 2671
2679 2668
2678 2672
2677 2671
2677 2659
2676 2675
2676 2674
2676 2673
2676 2669
2676 2668
2675 2676
2675 2672
2675 2670
2675 2665
2675 2664
2675 2661
2675 2660
2675 2659
2675 2658
2675 2657
2675 2656
2675 2655
2675 2652
2675 2651
2674 2673
2674 2671
2674 2669
2674 2668
2674 2667
2674 2666
2674 2663
2674 2662
2674 2649
2674 2645
2674 2644
2673 2676
2673 2675
2673 2665
2673 2657
2673 2654
2673 2653
2672 2678
2672 2674
2672 2671
2672 2670
2672 2669
2672 2667
2672 2666
2672 2664
2672 2661
2672 2660
2672 2659
2672 2658
2672 2656
2672 2655
2672 2648
2671 2682
2671 2680
2671 2679
2671 2677
2671 2675
2671 2672
2671 2668
2671 2665
2671 2663
2671 2654
2671 2653
2671 2650
2671 2649
2670 2674
2670 2669
2670 2664
2669 2678
2669 2676
2669 2673
2669 2672
2669 2671
2669 2670
2669 2668
2669 2667
2669 2666
2669 2662
2669 2661
2669 2659
2669 2658
2669 2657
2669 2655
2669 2654
2668 2675
2668 2674
2668 2665
2668 2664
2668 2663
2668 2660
2668 2653
2668 2649
2668 2648
2667 2672
2667 2671
2667 2669
2667 2666
2667 2661
2667 2659
2667 2658
2667 2657
2667 2656
2667 2655
2666 2675
2666 2664
2666 2663
2666 2660
2665 2674
2665 2673
2665 2672
2665 2671
2665 2669
2665 2668
2665 2662
2665 2661
2665 2659
2665 2655
2665 2654
2665 2653
2664 2675
2664 2670
2664 2666
2664 2665
2664 2660
2664 2658
2664 2657
2663 2674
2663 2672
2663 2671
2663 2669
2663 2668
2663 2667
2663 2664
2663 2662
2663 2661
2663 2655
2662 2675
2662 2665
2662 2660
2662 2659
2661 2674
2661 2672
2661 2671
2661 2669
2661 2668
2661 2667
2661 2666
2661 2664
2661 2663
2661 2658
2661 2655
2660 2675
2660 2665
2660 2656
2659 2677
2659 2676
2659 2674
2659 2672
2659 2671
2659 2669
2659 2668
2659 2667
2659 2664
2659 2662
2659 2660
2659 2657
2659 2655
2659 2644
2658 2678
2658 2675
2658 2670
2658 2665
2658 2661
2658 2659
2658 2656
2658 2653
2658 2649
2657 2674
2657 2673
2657 2672
2657 2671
2657 2669
2657 2668
2657 2667
2657 2664
2657 2660
2657 2658
2657 2655
2657 2652
2656 2675
2656 2666
2656 2665
2655 2672
2655 2671
2655 2669
2655 2668
2655 2662
2655 2660
2654 2674
2654 2670
2654 2667
2654 2666
2654 2665
2654 2664
2654 2655
2654 2647
2653 2675
2653 2673
2653 2672
2653 2671
2653 2669
2653 2668
2653 2658
2653 2646
2652 2657
2651 2675
2651 2674
2651 2671
2650 2664
2650 2660
2650 2655
2649 2674
2649 2671
2649 2669
2649 2667
2649 2648
2649 2647
2648 2675
2648 2672
2648 2668
2648 2653
2648 2649
2648 2646
2647 2654
2646 2671
2646 2670
2646 2653
2646 2649
2646 2648
2646 2647
2645 2659
2645 2644
2645 2643
2644 2674
2644 2645
2642 2657
2641 2639
2639 2641
2639 2640
2638 2637
2638 2636
2638 2635
2637 2638
2636 2635
2635 2638
2635 2637
2635 2636
2634 2633
2633 2631
2631 2632
2631 2630
2630 2631
2627 2625
2626 2627
2626 2624
2625 2626
2624 2627
2624 2625
2623 2621
2621 2620
2621 2619
2620 2621
2617 2618
2617 2615
2614 2615
2611 2612
2608 2607
2604 2605
2603 2602
2602 2603
2600 2597
2598 2597
2597 2600
2596 2595
2595 2594
2593 2591
2593 2590
2592 2593
2590 2593
2588 2589
2586 2587
2584 2580
2582 2580
2580 2583
2580 2582
2578 2576
2576 2579
2576 2578
2576 2573
2575 2576
2573 2576
2572 2571
2569 2564
2567 2565
2567 2564
2567 2562
2565 2570
2565 2567
2565 2564
2565 2562
2565 2561
2565 2557
2564 2566
2564 2563
2564 2558
2563 2565
2563 2562
2563 2561
2563 2560
2563 2559
2562 2564
2561 2565
2561 2563
2560 2564
2560 2562
2560 2561
2560 2559
2560 2558
2560 2557
2559 2563
2558 2561
2558 2560
2557 2565
2557 2564
2553 2554
2553 2548
2551 2552
2550 2551
2549 2548
2548 2553
2548 2549
2548 2547
2541 2542
2540 2539
2538 2537
2536 2535
2534 2533
2531 2532
2529 2530
2528 2524
2527 2528
2527 2526
2527 2525
2527 2523
2526 2527
2526 2524
2526 2522
2526 2521
2525 2528
2525 2523
2524 2525
2523 2528
2523 2527
2523 2526
2523 2524
2522 2525
2522 2523
2522 2521
2521 2528
2521 2527
2521 2526
2520 2519
2519 2517
2516 2515
2515 2516
2514 2513
2513 2512
2509 2506
2507 2506
2506 2492
2504 2503
2503 2504
2500 2501
2500 2499
2499 2498
2495 2496
2492 2489
2491 2492
2490 2489
2489 2491
2487 2486
2484 2480
2483 2476
2482 2481
2482 2480
2482 2478
2481 2479
2481 2476
2480 2484
2480 2483
2480 2482
2480 2478
2480 2477
2479 2481
2479 2480
2479 2476
2478 2482
2478 2479
2477 2481
2477 2480
2477 2476
2476 2482
2476 2478
2472 2474
2472 2473
2468 2467
2465 2464
2465 2461
2463 2466
2463 2465
2463 2462
2462 2463
2459 2458
2458 2459
2458 2457
2456 2453
2453 2455
2450 2452
2446 2447
2445 2444
2445 2443
2444 2445
2441 2440
2441 2439
2440 2442
2440 2441
2437 2438
2436 2435
2430 2434
2430 2432
2430 2429
2426 2425
2426 2423
2426 2421
2425 2416
2425 2415
2424 2427
2424 2426
2424 2423
2424 2421
2424 2420
2424 2417
2424 2414
2424 2413
2424 2412
2423 2424
2423 2419
2423 2416
2423 2415
2422 2426
2421 2425
2421 2423
2421 2416
2421 2415
2420 2426
2419 2416
2419 2415
2418 2426
2418 2423
2417 2419
2417 2416
2417 2415
2416 2423
2416 2414
2416 2412
2414 2415
2413 2426
2413 2416
2412 2419
2412 2415
2411 2423
2410 2409
2409 2424
2408 2410
2405 2403
2401 2402
2399 2400
2398 2397
2396 2395
2395 2396
2395 2392
2394 2393
2392 2395
2392 2394
2391 2392
2391 2390
2387 2386
2386 2387
2385 2384
2383 2382
2382 2383
2381 2380
2380 2381
2380 2379
2377 2376
2376 2377
2375 2374
2369 2370
2364 2365
2364 2361
2363 2362
2362 2363
2360 2353
2359 2357
2359 2355
2359 2350
2359 2348
2358 2356
2358 2354
2358 2353
2358 2349
2357 2359
2357 2358
2357 2355
2357 2352
2357 2351
2357 2350
2357 2348
2356 2357
2356 2354
2356 2353
2356 2349
2355 2359
2355 2356
2355 2352
2355 2350
2355 2348
2354 2357
2354 2355
2354 2353
2354 2351
2354 2349
2353 2359
2353 2356
2353 2354
2353 2352
2353 2350
2353 2348
2352 2357
2352 2355
2352 2349
2351 2359
2351 2356
2351 2354
2351 2353
2351 2350
2351 2348
2350 2357
2350 2355
2350 2352
2350 2349
2349 2359
2349 2356
2349 2354
2349 2351
2349 2348
2348 2357
2348 2355
2348 2353
2348 2352
2348 2350
2346 2345
2345 2346
2345 2343
2341 2345
2341 2342
2341 2340
2337 2336
2334 2333
2333 2335
2330 2331
2329 2328
2327 2326
2326 2327
2075 2325
2075 2322
2075 2320
2075 2318
2075 2317
2075 2315
2075 2313
2075 2311
2075 2309
2075 2307
2075 2305
2075 2303
2075 2301
2075 2299
2075 2297
2075 2295
2075 2294
2075 2292
2075 2290
2075 2287
2075 2285
2075 2284
2075 2282
2075 2280
2075 2278
2075 2276
2075 2274
2075 2272
2075 2270
2075 2268
2075 2266
2075 2264
2075 2262
2075 2260
2075 2258
2075 2256
2075 2254
2075 2252
2075 2250
2075 2248
2075 2246
2075 2244
2075 2242
2075 2240
2075 2238
2075 2236
2075 2234
2075 2232
2075 2230
2075 2228
2075 2226
2075 2224
2075 2222
2075 2220
2075 2218
2075 2216
2075 2214
2075 2212
2075 2210
2075 2208
2075 2206
2075 2204
2075 2202
2075 2200
2075 2198
2075 2196
2075 2194
2075 2192
2075 2190
2075 2188
2075 2186
2075 2184
2075 2182
2075 2180
2075 2178
2075 2176
2075 2174
2075 2172
2075 2170
2075 2168
2075 2166
2075 2164
2075 2162
2075 2160
2075 2158
2075 2156
2075 2154
2075 2152
2075 2150
2075 2148
2075 2146
2075 2144
2075 2142
2075 2140
2075 2138
2075 2136
2075 2134
2075 2132
2075 2130
2075 2128
2075 2126
2075 2124
2075 2122
2075 2120
2075 2118
2075 2116
2075 2114
2075 2112
2075 2110
2075 2108
2075 2106
2075 2104
2075 2102
2075 2100
2075 2098
2075 2096
2075 2094
2075 2092
2075 2090
2075 2088
2075 2086
2075 2084
2075 2082
2075 2080
2075 2078
2075 2073
2075 2071
2075 2070
2075 2068
2075 2066
2075 2064
2075 2063
2075 2062
2075 2061
2075 2059
2075 2057
2075 2055
2075 2053
2075 2051
2075 2049
2075 2047
2075 2045
2075 2043
2075 2041
2075 2039
2075 2037
2075 2035
2075 2033
2075 2031
2075 2029
2075 2027
2075 2025
2075 2023
2075 2021
2075 2019
2075 2017
2075 2015
2075 2013
2075 2011
2075 2009
2075 2007
2073 2061
2071 2061
2069 2061
2067 2061
2065 2061
2063 2061
2060 2061
2058 2061
2056 2061
2054 2061
2052 2061
2050 2061
2048 2061
2046 2061
2044 2061
2042 2061
2040 2061
2038 2061
2036 2061
2034 2061
2032 2061
2030 2061
2028 2061
2026 2061
2024 2061
2022 2061
2020 2061
2018 2061
2016 2061
2014 2061
2012 2061
2010 2061
2008 2061
2006 2061
2005 2004
2004 2005
2003 2002
2002 2061
2001 2000
2000 1996
1998 1996
1995 1994
1991 1990
1989 1986
1987 1986
1986 1987
1986 1985
1983 1982
1983 1981